-5.0e0 -5.0e0 1.0e1 1.0e1
-4.79593e0 -5.0e0 1.0e1 1.0e1
-4.59186e0 -5.0e0 1.0e1 1.0e1
-4.38779e0 -5.0e0 1.0e1 1.0e1
-4.1837201e0 -5.0e0 1.0e1 1.0e1
-3.9796501e0 -5.0e0 1.0e1 1.0e1
-3.7755801e0 -5.0e0 1.0e1 1.0e1
-3.5715102e0 -5.0e0 1.0e1 1.0e1
-3.3674402e0 -5.0e0 1.0e1 1.0e1
-3.1633702e0 -5.0e0 1.0e1 1.0e1
-2.9593002e0 -5.0e0 1.0e1 1.0e1
-2.7552303e0 -5.0e0 1.0e1 1.0e1
-2.5511603e0 -5.0e0 1.0e1 1.0e1
-2.3470903e0 -5.0e0 1.0e1 1.0e1
-2.1430203e0 -5.0e0 1.0e1 1.0e1
-1.9389503e0 -5.0e0 1.0e1 1.0e1
-1.7348804e0 -5.0e0 1.0e1 1.0e1
-1.5308104e0 -5.0e0 1.0e1 1.0e1
-1.3267404e0 -5.0e0 1.0e1 1.0e1
-1.1226704e0 -5.0e0 1.0e1 1.0e1
-9.186005e-1 -5.0e0 1.0e1 1.0e1
-7.145305e-1 -5.0e0 1.0e1 1.0e1
-5.104605e-1 -5.0e0 1.0e1 1.0e1
-3.063905e-1 -5.0e0 1.0e1 1.0e1
-1.023206e-1 -5.0e0 1.0e1 1.0e1
1.017494e-1 -5.0e0 1.0e1 1.0e1
3.058194e-1 -5.0e0 1.0e1 1.0e1
5.098894e-1 -5.0e0 1.0e1 1.0e1
7.139594e-1 -5.0e0 1.0e1 1.0e1
9.180293e-1 -5.0e0 1.0e1 1.0e1
1.1220993e0 -5.0e0 1.0e1 1.0e1
1.3261693e0 -5.0e0 1.0e1 1.0e1
1.5302393e0 -5.0e0 1.0e1 1.0e1
1.7343092e0 -5.0e0 1.0e1 1.0e1
1.9383792e0 -5.0e0 1.0e1 1.0e1
2.1424492e0 -5.0e0 1.0e1 1.0e1
2.3465192e0 -5.0e0 1.0e1 1.0e1
2.5505891e0 -5.0e0 1.0e1 1.0e1
2.7546591e0 -5.0e0 1.0e1 1.0e1
2.9587291e0 -5.0e0 1.0e1 1.0e1
3.162799e0 -5.0e0 1.0e1 1.0e1
3.366869e0 -5.0e0 1.0e1 1.0e1
3.570939e0 -5.0e0 1.0e1 1.0e1
3.775009e0 -5.0e0 1.0e1 1.0e1
3.979079e0 -5.0e0 1.0e1 1.0e1
4.183149e0 -5.0e0 1.0e1 1.0e1
4.387219e0 -5.0e0 1.0e1 1.0e1
4.5912889e0 -5.0e0 1.0e1 1.0e1
4.7953589e0 -5.0e0 1.0e1 1.0e1
4.9994289e0 -5.0e0 1.0e1 1.0e1

-5.0e0 -4.79593e0 1.0e1 1.0e1
-4.79593e0 -4.79593e0 1.0e1 1.0e1
-4.59186e0 -4.79593e0 1.0e1 1.0e1
-4.38779e0 -4.79593e0 1.0e1 1.0e1
-4.1837201e0 -4.79593e0 1.0e1 1.0e1
-3.9796501e0 -4.79593e0 1.0e1 1.0e1
-3.7755801e0 -4.79593e0 1.0e1 1.0e1
-3.5715102e0 -4.79593e0 1.0e1 1.0e1
-3.3674402e0 -4.79593e0 1.0e1 1.0e1
-3.1633702e0 -4.79593e0 1.0e1 1.0e1
-2.9593002e0 -4.79593e0 1.0e1 1.0e1
-2.7552303e0 -4.79593e0 1.0e1 1.0e1
-2.5511603e0 -4.79593e0 1.0e1 1.0e1
-2.3470903e0 -4.79593e0 1.0e1 1.0e1
-2.1430203e0 -4.79593e0 1.0e1 1.0e1
-1.9389503e0 -4.79593e0 1.0e1 1.0e1
-1.7348804e0 -4.79593e0 1.0e1 1.0e1
-1.5308104e0 -4.79593e0 1.0e1 1.0e1
-1.3267404e0 -4.79593e0 1.0e1 1.0e1
-1.1226704e0 -4.79593e0 1.0e1 1.0e1
-9.186005e-1 -4.79593e0 1.0e1 1.0e1
-7.145305e-1 -4.79593e0 1.0e1 1.0e1
-5.104605e-1 -4.79593e0 1.0e1 1.0e1
-3.063905e-1 -4.79593e0 1.0e1 1.0e1
-1.023206e-1 -4.79593e0 1.0e1 1.0e1
1.017494e-1 -4.79593e0 1.0e1 1.0e1
3.058194e-1 -4.79593e0 1.0e1 1.0e1
5.098894e-1 -4.79593e0 1.0e1 1.0e1
7.139594e-1 -4.79593e0 1.0e1 1.0e1
9.180293e-1 -4.79593e0 1.0e1 1.0e1
1.1220993e0 -4.79593e0 1.0e1 1.0e1
1.3261693e0 -4.79593e0 1.0e1 1.0e1
1.5302393e0 -4.79593e0 1.0e1 1.0e1
1.7343092e0 -4.79593e0 1.0e1 1.0e1
1.9383792e0 -4.79593e0 1.0e1 1.0e1
2.1424492e0 -4.79593e0 1.0e1 1.0e1
2.3465192e0 -4.79593e0 1.0e1 1.0e1
2.5505891e0 -4.79593e0 1.0e1 1.0e1
2.7546591e0 -4.79593e0 1.0e1 1.0e1
2.9587291e0 -4.79593e0 1.0e1 1.0e1
3.162799e0 -4.79593e0 1.0e1 1.0e1
3.366869e0 -4.79593e0 1.0e1 1.0e1
3.570939e0 -4.79593e0 1.0e1 1.0e1
3.775009e0 -4.79593e0 1.0e1 1.0e1
3.979079e0 -4.79593e0 1.0e1 1.0e1
4.183149e0 -4.79593e0 1.0e1 1.0e1
4.387219e0 -4.79593e0 1.0e1 1.0e1
4.5912889e0 -4.79593e0 1.0e1 1.0e1
4.7953589e0 -4.79593e0 1.0e1 1.0e1
4.9994289e0 -4.79593e0 1.0e1 1.0e1

-5.0e0 -4.59186e0 1.0e1 1.0e1
-4.79593e0 -4.59186e0 1.0e1 1.0e1
-4.59186e0 -4.59186e0 1.0e1 1.0e1
-4.38779e0 -4.59186e0 1.0e1 1.0e1
-4.1837201e0 -4.59186e0 1.0e1 1.0e1
-3.9796501e0 -4.59186e0 1.0e1 1.0e1
-3.7755801e0 -4.59186e0 1.0e1 1.0e1
-3.5715102e0 -4.59186e0 1.0e1 1.0e1
-3.3674402e0 -4.59186e0 1.0e1 1.0e1
-3.1633702e0 -4.59186e0 1.0e1 1.0e1
-2.9593002e0 -4.59186e0 1.0e1 1.0e1
-2.7552303e0 -4.59186e0 1.0e1 1.0e1
-2.5511603e0 -4.59186e0 1.0e1 1.0e1
-2.3470903e0 -4.59186e0 1.0e1 1.0e1
-2.1430203e0 -4.59186e0 1.0e1 1.0e1
-1.9389503e0 -4.59186e0 1.0e1 1.0e1
-1.7348804e0 -4.59186e0 1.0e1 1.0e1
-1.5308104e0 -4.59186e0 1.0e1 1.0e1
-1.3267404e0 -4.59186e0 1.0e1 1.0e1
-1.1226704e0 -4.59186e0 1.0e1 1.0e1
-9.186005e-1 -4.59186e0 1.0e1 1.0e1
-7.145305e-1 -4.59186e0 1.0e1 1.0e1
-5.104605e-1 -4.59186e0 1.0e1 1.0e1
-3.063905e-1 -4.59186e0 1.0e1 1.0e1
-1.023206e-1 -4.59186e0 1.0e1 1.0e1
1.017494e-1 -4.59186e0 1.0e1 1.0e1
3.058194e-1 -4.59186e0 1.0e1 1.0e1
5.098894e-1 -4.59186e0 1.0e1 1.0e1
7.139594e-1 -4.59186e0 1.0e1 1.0e1
9.180293e-1 -4.59186e0 1.0e1 1.0e1
1.1220993e0 -4.59186e0 1.0e1 1.0e1
1.3261693e0 -4.59186e0 1.0e1 1.0e1
1.5302393e0 -4.59186e0 1.0e1 1.0e1
1.7343092e0 -4.59186e0 1.0e1 1.0e1
1.9383792e0 -4.59186e0 1.0e1 1.0e1
2.1424492e0 -4.59186e0 1.0e1 1.0e1
2.3465192e0 -4.59186e0 1.0e1 1.0e1
2.5505891e0 -4.59186e0 1.0e1 1.0e1
2.7546591e0 -4.59186e0 1.0e1 1.0e1
2.9587291e0 -4.59186e0 1.0e1 1.0e1
3.162799e0 -4.59186e0 1.0e1 1.0e1
3.366869e0 -4.59186e0 1.0e1 1.0e1
3.570939e0 -4.59186e0 1.0e1 1.0e1
3.775009e0 -4.59186e0 1.0e1 1.0e1
3.979079e0 -4.59186e0 1.0e1 1.0e1
4.183149e0 -4.59186e0 1.0e1 1.0e1
4.387219e0 -4.59186e0 1.0e1 1.0e1
4.5912889e0 -4.59186e0 1.0e1 1.0e1
4.7953589e0 -4.59186e0 1.0e1 1.0e1
4.9994289e0 -4.59186e0 1.0e1 1.0e1

-5.0e0 -4.38779e0 1.0e1 1.0e1
-4.79593e0 -4.38779e0 1.0e1 1.0e1
-4.59186e0 -4.38779e0 1.0e1 1.0e1
-4.38779e0 -4.38779e0 1.0e1 1.0e1
-4.1837201e0 -4.38779e0 1.0e1 1.0e1
-3.9796501e0 -4.38779e0 1.0e1 1.0e1
-3.7755801e0 -4.38779e0 1.0e1 1.0e1
-3.5715102e0 -4.38779e0 1.0e1 1.0e1
-3.3674402e0 -4.38779e0 1.0e1 1.0e1
-3.1633702e0 -4.38779e0 1.0e1 1.0e1
-2.9593002e0 -4.38779e0 1.0e1 1.0e1
-2.7552303e0 -4.38779e0 1.0e1 1.0e1
-2.5511603e0 -4.38779e0 1.0e1 1.0e1
-2.3470903e0 -4.38779e0 1.0e1 1.0e1
-2.1430203e0 -4.38779e0 1.0e1 1.0e1
-1.9389503e0 -4.38779e0 1.0e1 1.0e1
-1.7348804e0 -4.38779e0 1.0e1 1.0e1
-1.5308104e0 -4.38779e0 1.0e1 1.0e1
-1.3267404e0 -4.38779e0 1.0e1 1.0e1
-1.1226704e0 -4.38779e0 1.0e1 1.0e1
-9.186005e-1 -4.38779e0 1.0e1 1.0e1
-7.145305e-1 -4.38779e0 1.0e1 1.0e1
-5.104605e-1 -4.38779e0 1.0e1 1.0e1
-3.063905e-1 -4.38779e0 1.0e1 1.0e1
-1.023206e-1 -4.38779e0 1.0e1 1.0e1
1.017494e-1 -4.38779e0 1.0e1 1.0e1
3.058194e-1 -4.38779e0 1.0e1 1.0e1
5.098894e-1 -4.38779e0 1.0e1 1.0e1
7.139594e-1 -4.38779e0 1.0e1 1.0e1
9.180293e-1 -4.38779e0 1.0e1 1.0e1
1.1220993e0 -4.38779e0 1.0e1 1.0e1
1.3261693e0 -4.38779e0 1.0e1 1.0e1
1.5302393e0 -4.38779e0 1.0e1 1.0e1
1.7343092e0 -4.38779e0 1.0e1 1.0e1
1.9383792e0 -4.38779e0 1.0e1 1.0e1
2.1424492e0 -4.38779e0 1.0e1 1.0e1
2.3465192e0 -4.38779e0 1.0e1 1.0e1
2.5505891e0 -4.38779e0 1.0e1 1.0e1
2.7546591e0 -4.38779e0 1.0e1 1.0e1
2.9587291e0 -4.38779e0 1.0e1 1.0e1
3.162799e0 -4.38779e0 1.0e1 1.0e1
3.366869e0 -4.38779e0 1.0e1 1.0e1
3.570939e0 -4.38779e0 1.0e1 1.0e1
3.775009e0 -4.38779e0 1.0e1 1.0e1
3.979079e0 -4.38779e0 1.0e1 1.0e1
4.183149e0 -4.38779e0 1.0e1 1.0e1
4.387219e0 -4.38779e0 1.0e1 1.0e1
4.5912889e0 -4.38779e0 1.0e1 1.0e1
4.7953589e0 -4.38779e0 1.0e1 1.0e1
4.9994289e0 -4.38779e0 1.0e1 1.0e1

-5.0e0 -4.1837201e0 1.0e1 1.0e1
-4.79593e0 -4.1837201e0 1.0e1 1.0e1
-4.59186e0 -4.1837201e0 1.0e1 1.0e1
-4.38779e0 -4.1837201e0 1.0e1 1.0e1
-4.1837201e0 -4.1837201e0 1.0e1 1.0e1
-3.9796501e0 -4.1837201e0 1.0e1 1.0e1
-3.7755801e0 -4.1837201e0 1.0e1 1.0e1
-3.5715102e0 -4.1837201e0 1.0e1 1.0e1
-3.3674402e0 -4.1837201e0 1.0e1 1.0e1
-3.1633702e0 -4.1837201e0 1.0e1 1.0e1
-2.9593002e0 -4.1837201e0 1.0e1 1.0e1
-2.7552303e0 -4.1837201e0 1.0e1 1.0e1
-2.5511603e0 -4.1837201e0 1.0e1 1.0e1
-2.3470903e0 -4.1837201e0 1.0e1 1.0e1
-2.1430203e0 -4.1837201e0 1.0e1 1.0e1
-1.9389503e0 -4.1837201e0 1.0e1 1.0e1
-1.7348804e0 -4.1837201e0 1.0e1 1.0e1
-1.5308104e0 -4.1837201e0 1.0e1 1.0e1
-1.3267404e0 -4.1837201e0 1.0e1 1.0e1
-1.1226704e0 -4.1837201e0 1.0e1 1.0e1
-9.186005e-1 -4.1837201e0 1.0e1 1.0e1
-7.145305e-1 -4.1837201e0 1.0e1 1.0e1
-5.104605e-1 -4.1837201e0 1.0e1 1.0e1
-3.063905e-1 -4.1837201e0 1.0e1 1.0e1
-1.023206e-1 -4.1837201e0 1.0e1 1.0e1
1.017494e-1 -4.1837201e0 1.0e1 1.0e1
3.058194e-1 -4.1837201e0 1.0e1 1.0e1
5.098894e-1 -4.1837201e0 1.0e1 1.0e1
7.139594e-1 -4.1837201e0 1.0e1 1.0e1
9.180293e-1 -4.1837201e0 1.0e1 1.0e1
1.1220993e0 -4.1837201e0 1.0e1 1.0e1
1.3261693e0 -4.1837201e0 1.0e1 1.0e1
1.5302393e0 -4.1837201e0 1.0e1 1.0e1
1.7343092e0 -4.1837201e0 1.0e1 1.0e1
1.9383792e0 -4.1837201e0 1.0e1 1.0e1
2.1424492e0 -4.1837201e0 1.0e1 1.0e1
2.3465192e0 -4.1837201e0 1.0e1 1.0e1
2.5505891e0 -4.1837201e0 1.0e1 1.0e1
2.7546591e0 -4.1837201e0 1.0e1 1.0e1
2.9587291e0 -4.1837201e0 1.0e1 1.0e1
3.162799e0 -4.1837201e0 1.0e1 1.0e1
3.366869e0 -4.1837201e0 1.0e1 1.0e1
3.570939e0 -4.1837201e0 1.0e1 1.0e1
3.775009e0 -4.1837201e0 1.0e1 1.0e1
3.979079e0 -4.1837201e0 1.0e1 1.0e1
4.183149e0 -4.1837201e0 1.0e1 1.0e1
4.387219e0 -4.1837201e0 1.0e1 1.0e1
4.5912889e0 -4.1837201e0 1.0e1 1.0e1
4.7953589e0 -4.1837201e0 1.0e1 1.0e1
4.9994289e0 -4.1837201e0 1.0e1 1.0e1

-5.0e0 -3.9796501e0 1.0e1 1.0e1
-4.79593e0 -3.9796501e0 1.0e1 1.0e1
-4.59186e0 -3.9796501e0 1.0e1 1.0e1
-4.38779e0 -3.9796501e0 1.0e1 1.0e1
-4.1837201e0 -3.9796501e0 1.0e1 1.0e1
-3.9796501e0 -3.9796501e0 1.0e1 1.0e1
-3.7755801e0 -3.9796501e0 1.0e1 1.0e1
-3.5715102e0 -3.9796501e0 1.0e1 1.0e1
-3.3674402e0 -3.9796501e0 1.0e1 1.0e1
-3.1633702e0 -3.9796501e0 1.0e1 1.0e1
-2.9593002e0 -3.9796501e0 1.0e1 1.0e1
-2.7552303e0 -3.9796501e0 1.0e1 1.0e1
-2.5511603e0 -3.9796501e0 1.0e1 1.0e1
-2.3470903e0 -3.9796501e0 1.0e1 1.0e1
-2.1430203e0 -3.9796501e0 1.0e1 1.0e1
-1.9389503e0 -3.9796501e0 1.0e1 1.0e1
-1.7348804e0 -3.9796501e0 1.0e1 1.0e1
-1.5308104e0 -3.9796501e0 1.0e1 1.0e1
-1.3267404e0 -3.9796501e0 1.0e1 1.0e1
-1.1226704e0 -3.9796501e0 1.0e1 1.0e1
-9.186005e-1 -3.9796501e0 1.0e1 1.0e1
-7.145305e-1 -3.9796501e0 1.0e1 1.0e1
-5.104605e-1 -3.9796501e0 1.0e1 1.0e1
-3.063905e-1 -3.9796501e0 1.0e1 1.0e1
-1.023206e-1 -3.9796501e0 1.0e1 1.0e1
1.017494e-1 -3.9796501e0 1.0e1 1.0e1
3.058194e-1 -3.9796501e0 1.0e1 1.0e1
5.098894e-1 -3.9796501e0 1.0e1 1.0e1
7.139594e-1 -3.9796501e0 1.0e1 1.0e1
9.180293e-1 -3.9796501e0 1.0e1 1.0e1
1.1220993e0 -3.9796501e0 1.0e1 1.0e1
1.3261693e0 -3.9796501e0 1.0e1 1.0e1
1.5302393e0 -3.9796501e0 1.0e1 1.0e1
1.7343092e0 -3.9796501e0 1.0e1 1.0e1
1.9383792e0 -3.9796501e0 1.0e1 1.0e1
2.1424492e0 -3.9796501e0 1.0e1 1.0e1
2.3465192e0 -3.9796501e0 1.0e1 1.0e1
2.5505891e0 -3.9796501e0 1.0e1 1.0e1
2.7546591e0 -3.9796501e0 1.0e1 1.0e1
2.9587291e0 -3.9796501e0 1.0e1 1.0e1
3.162799e0 -3.9796501e0 1.0e1 1.0e1
3.366869e0 -3.9796501e0 1.0e1 1.0e1
3.570939e0 -3.9796501e0 1.0e1 1.0e1
3.775009e0 -3.9796501e0 1.0e1 1.0e1
3.979079e0 -3.9796501e0 1.0e1 1.0e1
4.183149e0 -3.9796501e0 1.0e1 1.0e1
4.387219e0 -3.9796501e0 1.0e1 1.0e1
4.5912889e0 -3.9796501e0 1.0e1 1.0e1
4.7953589e0 -3.9796501e0 1.0e1 1.0e1
4.9994289e0 -3.9796501e0 1.0e1 1.0e1

-5.0e0 -3.7755801e0 1.0e1 1.0e1
-4.79593e0 -3.7755801e0 1.0e1 1.0e1
-4.59186e0 -3.7755801e0 1.0e1 1.0e1
-4.38779e0 -3.7755801e0 1.0e1 1.0e1
-4.1837201e0 -3.7755801e0 1.0e1 1.0e1
-3.9796501e0 -3.7755801e0 1.0e1 1.0e1
-3.7755801e0 -3.7755801e0 1.0e1 1.0e1
-3.5715102e0 -3.7755801e0 1.0e1 1.0e1
-3.3674402e0 -3.7755801e0 1.0e1 1.0e1
-3.1633702e0 -3.7755801e0 1.0e1 1.0e1
-2.9593002e0 -3.7755801e0 1.0e1 1.0e1
-2.7552303e0 -3.7755801e0 1.0e1 1.0e1
-2.5511603e0 -3.7755801e0 1.0e1 1.0e1
-2.3470903e0 -3.7755801e0 1.0e1 1.0e1
-2.1430203e0 -3.7755801e0 1.0e1 1.0e1
-1.9389503e0 -3.7755801e0 1.0e1 1.0e1
-1.7348804e0 -3.7755801e0 1.0e1 1.0e1
-1.5308104e0 -3.7755801e0 1.0e1 1.0e1
-1.3267404e0 -3.7755801e0 1.0e1 1.0e1
-1.1226704e0 -3.7755801e0 1.0e1 1.0e1
-9.186005e-1 -3.7755801e0 1.0e1 1.0e1
-7.145305e-1 -3.7755801e0 1.0e1 1.0e1
-5.104605e-1 -3.7755801e0 1.0e1 1.0e1
-3.063905e-1 -3.7755801e0 1.0e1 1.0e1
-1.023206e-1 -3.7755801e0 1.0e1 1.0e1
1.017494e-1 -3.7755801e0 1.0e1 1.0e1
3.058194e-1 -3.7755801e0 1.0e1 1.0e1
5.098894e-1 -3.7755801e0 1.0e1 1.0e1
7.139594e-1 -3.7755801e0 1.0e1 1.0e1
9.180293e-1 -3.7755801e0 1.0e1 1.0e1
1.1220993e0 -3.7755801e0 1.0e1 1.0e1
1.3261693e0 -3.7755801e0 1.0e1 1.0e1
1.5302393e0 -3.7755801e0 1.0e1 1.0e1
1.7343092e0 -3.7755801e0 1.0e1 1.0e1
1.9383792e0 -3.7755801e0 1.0e1 1.0e1
2.1424492e0 -3.7755801e0 1.0e1 1.0e1
2.3465192e0 -3.7755801e0 1.0e1 1.0e1
2.5505891e0 -3.7755801e0 1.0e1 1.0e1
2.7546591e0 -3.7755801e0 1.0e1 1.0e1
2.9587291e0 -3.7755801e0 1.0e1 1.0e1
3.162799e0 -3.7755801e0 1.0e1 1.0e1
3.366869e0 -3.7755801e0 1.0e1 1.0e1
3.570939e0 -3.7755801e0 1.0e1 1.0e1
3.775009e0 -3.7755801e0 1.0e1 1.0e1
3.979079e0 -3.7755801e0 1.0e1 1.0e1
4.183149e0 -3.7755801e0 1.0e1 1.0e1
4.387219e0 -3.7755801e0 1.0e1 1.0e1
4.5912889e0 -3.7755801e0 1.0e1 1.0e1
4.7953589e0 -3.7755801e0 1.0e1 1.0e1
4.9994289e0 -3.7755801e0 1.0e1 1.0e1

-5.0e0 -3.5715102e0 1.0e1 1.0e1
-4.79593e0 -3.5715102e0 1.0e1 1.0e1
-4.59186e0 -3.5715102e0 1.0e1 1.0e1
-4.38779e0 -3.5715102e0 1.0e1 1.0e1
-4.1837201e0 -3.5715102e0 1.0e1 1.0e1
-3.9796501e0 -3.5715102e0 1.0e1 1.0e1
-3.7755801e0 -3.5715102e0 1.0e1 1.0e1
-3.5715102e0 -3.5715102e0 1.0e1 1.0e1
-3.3674402e0 -3.5715102e0 1.0e1 1.0e1
-3.1633702e0 -3.5715102e0 1.0e1 1.0e1
-2.9593002e0 -3.5715102e0 1.0e1 1.0e1
-2.7552303e0 -3.5715102e0 1.0e1 1.0e1
-2.5511603e0 -3.5715102e0 1.0e1 1.0e1
-2.3470903e0 -3.5715102e0 1.0e1 1.0e1
-2.1430203e0 -3.5715102e0 1.0e1 1.0e1
-1.9389503e0 -3.5715102e0 1.0e1 1.0e1
-1.7348804e0 -3.5715102e0 1.0e1 1.0e1
-1.5308104e0 -3.5715102e0 1.0e1 1.0e1
-1.3267404e0 -3.5715102e0 1.0e1 1.0e1
-1.1226704e0 -3.5715102e0 1.0e1 1.0e1
-9.186005e-1 -3.5715102e0 1.0e1 1.0e1
-7.145305e-1 -3.5715102e0 1.0e1 1.0e1
-5.104605e-1 -3.5715102e0 1.0e1 1.0e1
-3.063905e-1 -3.5715102e0 1.0e1 1.0e1
-1.023206e-1 -3.5715102e0 1.0e1 1.0e1
1.017494e-1 -3.5715102e0 1.0e1 1.0e1
3.058194e-1 -3.5715102e0 1.0e1 1.0e1
5.098894e-1 -3.5715102e0 1.0e1 1.0e1
7.139594e-1 -3.5715102e0 1.0e1 1.0e1
9.180293e-1 -3.5715102e0 1.0e1 1.0e1
1.1220993e0 -3.5715102e0 1.0e1 1.0e1
1.3261693e0 -3.5715102e0 1.0e1 1.0e1
1.5302393e0 -3.5715102e0 1.0e1 1.0e1
1.7343092e0 -3.5715102e0 1.0e1 1.0e1
1.9383792e0 -3.5715102e0 1.0e1 1.0e1
2.1424492e0 -3.5715102e0 1.0e1 1.0e1
2.3465192e0 -3.5715102e0 1.0e1 1.0e1
2.5505891e0 -3.5715102e0 1.0e1 1.0e1
2.7546591e0 -3.5715102e0 1.0e1 1.0e1
2.9587291e0 -3.5715102e0 1.0e1 1.0e1
3.162799e0 -3.5715102e0 1.0e1 1.0e1
3.366869e0 -3.5715102e0 1.0e1 1.0e1
3.570939e0 -3.5715102e0 1.0e1 1.0e1
3.775009e0 -3.5715102e0 1.0e1 1.0e1
3.979079e0 -3.5715102e0 1.0e1 1.0e1
4.183149e0 -3.5715102e0 1.0e1 1.0e1
4.387219e0 -3.5715102e0 1.0e1 1.0e1
4.5912889e0 -3.5715102e0 1.0e1 1.0e1
4.7953589e0 -3.5715102e0 1.0e1 1.0e1
4.9994289e0 -3.5715102e0 1.0e1 1.0e1

-5.0e0 -3.3674402e0 1.0e1 1.0e1
-4.79593e0 -3.3674402e0 1.0e1 1.0e1
-4.59186e0 -3.3674402e0 1.0e1 1.0e1
-4.38779e0 -3.3674402e0 1.0e1 1.0e1
-4.1837201e0 -3.3674402e0 1.0e1 1.0e1
-3.9796501e0 -3.3674402e0 1.0e1 1.0e1
-3.7755801e0 -3.3674402e0 1.0e1 1.0e1
-3.5715102e0 -3.3674402e0 1.0e1 1.0e1
-3.3674402e0 -3.3674402e0 1.0e1 1.0e1
-3.1633702e0 -3.3674402e0 1.0e1 1.0e1
-2.9593002e0 -3.3674402e0 1.0e1 1.0e1
-2.7552303e0 -3.3674402e0 1.0e1 1.0e1
-2.5511603e0 -3.3674402e0 1.0e1 1.0e1
-2.3470903e0 -3.3674402e0 1.0e1 1.0e1
-2.1430203e0 -3.3674402e0 1.0e1 1.0e1
-1.9389503e0 -3.3674402e0 1.0e1 1.0e1
-1.7348804e0 -3.3674402e0 1.0e1 1.0e1
-1.5308104e0 -3.3674402e0 1.0e1 1.0e1
-1.3267404e0 -3.3674402e0 1.0e1 1.0e1
-1.1226704e0 -3.3674402e0 1.0e1 1.0e1
-9.186005e-1 -3.3674402e0 1.0e1 1.0e1
-7.145305e-1 -3.3674402e0 1.0e1 1.0e1
-5.104605e-1 -3.3674402e0 1.0e1 1.0e1
-3.063905e-1 -3.3674402e0 1.0e1 1.0e1
-1.023206e-1 -3.3674402e0 1.0e1 1.0e1
1.017494e-1 -3.3674402e0 1.0e1 1.0e1
3.058194e-1 -3.3674402e0 1.0e1 1.0e1
5.098894e-1 -3.3674402e0 1.0e1 1.0e1
7.139594e-1 -3.3674402e0 1.0e1 1.0e1
9.180293e-1 -3.3674402e0 1.0e1 1.0e1
1.1220993e0 -3.3674402e0 1.0e1 1.0e1
1.3261693e0 -3.3674402e0 1.0e1 1.0e1
1.5302393e0 -3.3674402e0 1.0e1 1.0e1
1.7343092e0 -3.3674402e0 1.0e1 1.0e1
1.9383792e0 -3.3674402e0 1.0e1 1.0e1
2.1424492e0 -3.3674402e0 1.0e1 1.0e1
2.3465192e0 -3.3674402e0 1.0e1 1.0e1
2.5505891e0 -3.3674402e0 1.0e1 1.0e1
2.7546591e0 -3.3674402e0 1.0e1 1.0e1
2.9587291e0 -3.3674402e0 1.0e1 1.0e1
3.162799e0 -3.3674402e0 1.0e1 1.0e1
3.366869e0 -3.3674402e0 1.0e1 1.0e1
3.570939e0 -3.3674402e0 1.0e1 1.0e1
3.775009e0 -3.3674402e0 1.0e1 1.0e1
3.979079e0 -3.3674402e0 1.0e1 1.0e1
4.183149e0 -3.3674402e0 1.0e1 1.0e1
4.387219e0 -3.3674402e0 1.0e1 1.0e1
4.5912889e0 -3.3674402e0 1.0e1 1.0e1
4.7953589e0 -3.3674402e0 1.0e1 1.0e1
4.9994289e0 -3.3674402e0 1.0e1 1.0e1

-5.0e0 -3.1633702e0 1.0e1 1.0e1
-4.79593e0 -3.1633702e0 1.0e1 1.0e1
-4.59186e0 -3.1633702e0 1.0e1 1.0e1
-4.38779e0 -3.1633702e0 1.0e1 1.0e1
-4.1837201e0 -3.1633702e0 1.0e1 1.0e1
-3.9796501e0 -3.1633702e0 1.0e1 1.0e1
-3.7755801e0 -3.1633702e0 1.0e1 1.0e1
-3.5715102e0 -3.1633702e0 1.0e1 1.0e1
-3.3674402e0 -3.1633702e0 1.0e1 1.0e1
-3.1633702e0 -3.1633702e0 1.0e1 1.0e1
-2.9593002e0 -3.1633702e0 1.0e1 1.0e1
-2.7552303e0 -3.1633702e0 1.0e1 1.0e1
-2.5511603e0 -3.1633702e0 1.0e1 1.0e1
-2.3470903e0 -3.1633702e0 1.0e1 1.0e1
-2.1430203e0 -3.1633702e0 1.0e1 1.0e1
-1.9389503e0 -3.1633702e0 1.0e1 1.0e1
-1.7348804e0 -3.1633702e0 1.0e1 1.0e1
-1.5308104e0 -3.1633702e0 1.0e1 1.0e1
-1.3267404e0 -3.1633702e0 1.0e1 1.0e1
-1.1226704e0 -3.1633702e0 1.0e1 1.0e1
-9.186005e-1 -3.1633702e0 1.0e1 1.0e1
-7.145305e-1 -3.1633702e0 1.0e1 1.0e1
-5.104605e-1 -3.1633702e0 1.0e1 1.0e1
-3.063905e-1 -3.1633702e0 1.0e1 1.0e1
-1.023206e-1 -3.1633702e0 1.0e1 1.0e1
1.017494e-1 -3.1633702e0 1.0e1 1.0e1
3.058194e-1 -3.1633702e0 1.0e1 1.0e1
5.098894e-1 -3.1633702e0 1.0e1 1.0e1
7.139594e-1 -3.1633702e0 1.0e1 1.0e1
9.180293e-1 -3.1633702e0 1.0e1 1.0e1
1.1220993e0 -3.1633702e0 1.0e1 1.0e1
1.3261693e0 -3.1633702e0 1.0e1 1.0e1
1.5302393e0 -3.1633702e0 1.0e1 1.0e1
1.7343092e0 -3.1633702e0 1.0e1 1.0e1
1.9383792e0 -3.1633702e0 1.0e1 1.0e1
2.1424492e0 -3.1633702e0 1.0e1 1.0e1
2.3465192e0 -3.1633702e0 1.0e1 1.0e1
2.5505891e0 -3.1633702e0 1.0e1 1.0e1
2.7546591e0 -3.1633702e0 1.0e1 1.0e1
2.9587291e0 -3.1633702e0 1.0e1 1.0e1
3.162799e0 -3.1633702e0 1.0e1 1.0e1
3.366869e0 -3.1633702e0 1.0e1 1.0e1
3.570939e0 -3.1633702e0 1.0e1 1.0e1
3.775009e0 -3.1633702e0 1.0e1 1.0e1
3.979079e0 -3.1633702e0 1.0e1 1.0e1
4.183149e0 -3.1633702e0 1.0e1 1.0e1
4.387219e0 -3.1633702e0 1.0e1 1.0e1
4.5912889e0 -3.1633702e0 1.0e1 1.0e1
4.7953589e0 -3.1633702e0 1.0e1 1.0e1
4.9994289e0 -3.1633702e0 1.0e1 1.0e1

-5.0e0 -2.9593002e0 1.0e1 1.0e1
-4.79593e0 -2.9593002e0 1.0e1 1.0e1
-4.59186e0 -2.9593002e0 1.0e1 1.0e1
-4.38779e0 -2.9593002e0 1.0e1 1.0e1
-4.1837201e0 -2.9593002e0 1.0e1 1.0e1
-3.9796501e0 -2.9593002e0 1.0e1 1.0e1
-3.7755801e0 -2.9593002e0 1.0e1 1.0e1
-3.5715102e0 -2.9593002e0 1.0e1 1.0e1
-3.3674402e0 -2.9593002e0 1.0e1 1.0e1
-3.1633702e0 -2.9593002e0 1.0e1 1.0e1
-2.9593002e0 -2.9593002e0 1.0e1 1.0e1
-2.7552303e0 -2.9593002e0 1.0e1 1.0e1
-2.5511603e0 -2.9593002e0 1.0e1 1.0e1
-2.3470903e0 -2.9593002e0 1.0e1 1.0e1
-2.1430203e0 -2.9593002e0 1.0e1 1.0e1
-1.9389503e0 -2.9593002e0 1.0e1 1.0e1
-1.7348804e0 -2.9593002e0 1.0e1 1.0e1
-1.5308104e0 -2.9593002e0 1.0e1 1.0e1
-1.3267404e0 -2.9593002e0 1.0e1 1.0e1
-1.1226704e0 -2.9593002e0 1.0e1 1.0e1
-9.186005e-1 -2.9593002e0 9.6012837e0 9.6012837e0
-7.145305e-1 -2.9593002e0 9.2680107e0 9.2680107e0
-5.104605e-1 -2.9593002e0 9.0180269e0 9.0180269e0
-3.063905e-1 -2.9593002e0 8.8513321e0 8.8513321e0
-1.023206e-1 -2.9593002e0 8.7679263e0 8.7679263e0
1.017494e-1 -2.9593002e0 8.7678099e0 8.7678099e0
3.058194e-1 -2.9593002e0 8.8509824e0 8.8509824e0
5.098894e-1 -2.9593002e0 9.0174442e0 9.0174442e0
7.139594e-1 -2.9593002e0 9.267195e0 9.267195e0
9.180293e-1 -2.9593002e0 9.6002348e0 9.6002348e0
1.1220993e0 -2.9593002e0 1.0e1 1.0e1
1.3261693e0 -2.9593002e0 1.0e1 1.0e1
1.5302393e0 -2.9593002e0 1.0e1 1.0e1
1.7343092e0 -2.9593002e0 1.0e1 1.0e1
1.9383792e0 -2.9593002e0 1.0e1 1.0e1
2.1424492e0 -2.9593002e0 1.0e1 1.0e1
2.3465192e0 -2.9593002e0 1.0e1 1.0e1
2.5505891e0 -2.9593002e0 1.0e1 1.0e1
2.7546591e0 -2.9593002e0 1.0e1 1.0e1
2.9587291e0 -2.9593002e0 1.0e1 1.0e1
3.162799e0 -2.9593002e0 1.0e1 1.0e1
3.366869e0 -2.9593002e0 1.0e1 1.0e1
3.570939e0 -2.9593002e0 1.0e1 1.0e1
3.775009e0 -2.9593002e0 1.0e1 1.0e1
3.979079e0 -2.9593002e0 1.0e1 1.0e1
4.183149e0 -2.9593002e0 1.0e1 1.0e1
4.387219e0 -2.9593002e0 1.0e1 1.0e1
4.5912889e0 -2.9593002e0 1.0e1 1.0e1
4.7953589e0 -2.9593002e0 1.0e1 1.0e1
4.9994289e0 -2.9593002e0 1.0e1 1.0e1

-5.0e0 -2.7552303e0 1.0e1 1.0e1
-4.79593e0 -2.7552303e0 1.0e1 1.0e1
-4.59186e0 -2.7552303e0 1.0e1 1.0e1
-4.38779e0 -2.7552303e0 1.0e1 1.0e1
-4.1837201e0 -2.7552303e0 1.0e1 1.0e1
-3.9796501e0 -2.7552303e0 1.0e1 1.0e1
-3.7755801e0 -2.7552303e0 1.0e1 1.0e1
-3.5715102e0 -2.7552303e0 1.0e1 1.0e1
-3.3674402e0 -2.7552303e0 1.0e1 1.0e1
-3.1633702e0 -2.7552303e0 1.0e1 1.0e1
-2.9593002e0 -2.7552303e0 1.0e1 1.0e1
-2.7552303e0 -2.7552303e0 1.0e1 1.0e1
-2.5511603e0 -2.7552303e0 1.0e1 1.0e1
-2.3470903e0 -2.7552303e0 1.0e1 1.0e1
-2.1430203e0 -2.7552303e0 1.0e1 1.0e1
-1.9389503e0 -2.7552303e0 1.0e1 1.0e1
-1.7348804e0 -2.7552303e0 1.0e1 1.0e1
-1.5308104e0 -2.7552303e0 9.9346771e0 9.9346771e0
-1.3267404e0 -2.7552303e0 9.3515381e0 9.3515381e0
-1.1226704e0 -2.7552303e0 8.8516846e0 8.8516846e0
-9.186005e-1 -2.7552303e0 8.4351231e0 8.4351231e0
-7.145305e-1 -2.7552303e0 8.1018501e0 8.1018501e0
-5.104605e-1 -2.7552303e0 7.8518663e0 7.8518663e0
-3.063905e-1 -2.7552303e0 7.6851715e0 7.6851715e0
-1.023206e-1 -2.7552303e0 7.6017657e0 7.6017657e0
1.017494e-1 -2.7552303e0 7.6016493e0 7.6016493e0
3.058194e-1 -2.7552303e0 7.6848218e0 7.6848218e0
5.098894e-1 -2.7552303e0 7.8512836e0 7.8512836e0
7.139594e-1 -2.7552303e0 8.1010344e0 8.1010344e0
9.180293e-1 -2.7552303e0 8.4340742e0 8.4340742e0
1.1220993e0 -2.7552303e0 8.8504028e0 8.8504028e0
1.3261693e0 -2.7552303e0 9.3500198e0 9.3500198e0
1.5302393e0 -2.7552303e0 9.93293e0 9.93293e0
1.7343092e0 -2.7552303e0 1.0e1 1.0e1
1.9383792e0 -2.7552303e0 1.0e1 1.0e1
2.1424492e0 -2.7552303e0 1.0e1 1.0e1
2.3465192e0 -2.7552303e0 1.0e1 1.0e1
2.5505891e0 -2.7552303e0 1.0e1 1.0e1
2.7546591e0 -2.7552303e0 1.0e1 1.0e1
2.9587291e0 -2.7552303e0 1.0e1 1.0e1
3.162799e0 -2.7552303e0 1.0e1 1.0e1
3.366869e0 -2.7552303e0 1.0e1 1.0e1
3.570939e0 -2.7552303e0 1.0e1 1.0e1
3.775009e0 -2.7552303e0 1.0e1 1.0e1
3.979079e0 -2.7552303e0 1.0e1 1.0e1
4.183149e0 -2.7552303e0 1.0e1 1.0e1
4.387219e0 -2.7552303e0 1.0e1 1.0e1
4.5912889e0 -2.7552303e0 1.0e1 1.0e1
4.7953589e0 -2.7552303e0 1.0e1 1.0e1
4.9994289e0 -2.7552303e0 1.0e1 1.0e1

-5.0e0 -2.5511603e0 1.0e1 1.0e1
-4.79593e0 -2.5511603e0 1.0e1 1.0e1
-4.59186e0 -2.5511603e0 1.0e1 1.0e1
-4.38779e0 -2.5511603e0 1.0e1 1.0e1
-4.1837201e0 -2.5511603e0 1.0e1 1.0e1
-3.9796501e0 -2.5511603e0 1.0e1 1.0e1
-3.7755801e0 -2.5511603e0 1.0e1 1.0e1
-3.5715102e0 -2.5511603e0 1.0e1 1.0e1
-3.3674402e0 -2.5511603e0 1.0e1 1.0e1
-3.1633702e0 -2.5511603e0 1.0e1 1.0e1
-2.9593002e0 -2.5511603e0 1.0e1 1.0e1
-2.7552303e0 -2.5511603e0 1.0e1 1.0e1
-2.5511603e0 -2.5511603e0 1.0e1 1.0e1
-2.3470903e0 -2.5511603e0 1.0e1 1.0e1
-2.1430203e0 -2.5511603e0 1.0e1 1.0e1
-1.9389503e0 -2.5511603e0 1.0e1 1.0e1
-1.7348804e0 -2.5511603e0 9.5182236e0 9.5182236e0
-1.5308104e0 -2.5511603e0 8.851796e0 8.851796e0
-1.3267404e0 -2.5511603e0 8.2686569e0 8.2686569e0
-1.1226704e0 -2.5511603e0 7.7688034e0 7.7688034e0
-9.186005e-1 -2.5511603e0 7.352242e0 7.352242e0
-7.145305e-1 -2.5511603e0 7.018969e0 7.018969e0
-5.104605e-1 -2.5511603e0 6.7689851e0 6.7689851e0
-3.063905e-1 -2.5511603e0 6.6022903e0 6.6022903e0
-1.023206e-1 -2.5511603e0 6.5188846e0 6.5188846e0
1.017494e-1 -2.5511603e0 6.5187682e0 6.5187682e0
3.058194e-1 -2.5511603e0 6.6019406e0 6.6019406e0
5.098894e-1 -2.5511603e0 6.7684024e0 6.7684024e0
7.139594e-1 -2.5511603e0 7.0181532e0 7.0181532e0
9.180293e-1 -2.5511603e0 7.3511931e0 7.3511931e0
1.1220993e0 -2.5511603e0 7.7675217e0 7.7675217e0
1.3261693e0 -2.5511603e0 8.2671387e0 8.2671387e0
1.5302393e0 -2.5511603e0 8.8500488e0 8.8500488e0
1.7343092e0 -2.5511603e0 9.5162445e0 9.5162445e0
1.9383792e0 -2.5511603e0 1.0e1 1.0e1
2.1424492e0 -2.5511603e0 1.0e1 1.0e1
2.3465192e0 -2.5511603e0 1.0e1 1.0e1
2.5505891e0 -2.5511603e0 1.0e1 1.0e1
2.7546591e0 -2.5511603e0 1.0e1 1.0e1
2.9587291e0 -2.5511603e0 1.0e1 1.0e1
3.162799e0 -2.5511603e0 1.0e1 1.0e1
3.366869e0 -2.5511603e0 1.0e1 1.0e1
3.570939e0 -2.5511603e0 1.0e1 1.0e1
3.775009e0 -2.5511603e0 1.0e1 1.0e1
3.979079e0 -2.5511603e0 1.0e1 1.0e1
4.183149e0 -2.5511603e0 1.0e1 1.0e1
4.387219e0 -2.5511603e0 1.0e1 1.0e1
4.5912889e0 -2.5511603e0 1.0e1 1.0e1
4.7953589e0 -2.5511603e0 1.0e1 1.0e1
4.9994289e0 -2.5511603e0 1.0e1 1.0e1

-5.0e0 -2.3470903e0 1.0e1 1.0e1
-4.79593e0 -2.3470903e0 1.0e1 1.0e1
-4.59186e0 -2.3470903e0 1.0e1 1.0e1
-4.38779e0 -2.3470903e0 1.0e1 1.0e1
-4.1837201e0 -2.3470903e0 1.0e1 1.0e1
-3.9796501e0 -2.3470903e0 1.0e1 1.0e1
-3.7755801e0 -2.3470903e0 1.0e1 1.0e1
-3.5715102e0 -2.3470903e0 1.0e1 1.0e1
-3.3674402e0 -2.3470903e0 1.0e1 1.0e1
-3.1633702e0 -2.3470903e0 1.0e1 1.0e1
-2.9593002e0 -2.3470903e0 1.0e1 1.0e1
-2.7552303e0 -2.3470903e0 1.0e1 1.0e1
-2.5511603e0 -2.3470903e0 1.0e1 1.0e1
-2.3470903e0 -2.3470903e0 1.0e1 1.0e1
-2.1430203e0 -2.3470903e0 1.0e1 1.0e1
-1.9389503e0 -2.3470903e0 9.2683578e0 9.2683578e0
-1.7348804e0 -2.3470903e0 8.5186401e0 8.5186401e0
-1.5308104e0 -2.3470903e0 7.8522125e0 7.8522125e0
-1.3267404e0 -2.3470903e0 7.2690735e0 7.2690735e0
-1.1226704e0 -2.3470903e0 6.76922e0 6.76922e0
-9.186005e-1 -2.3470903e0 6.3526585e0 6.3526585e0
-7.145305e-1 -2.3470903e0 6.0193855e0 6.0193855e0
-5.104605e-1 -2.3470903e0 5.7694017e0 5.7694017e0
-3.063905e-1 -2.3470903e0 5.6027069e0 5.6027069e0
-1.023206e-1 -2.3470903e0 5.5193011e0 5.5193011e0
1.017494e-1 -2.3470903e0 5.5191847e0 5.5191847e0
3.058194e-1 -2.3470903e0 5.6023572e0 5.6023572e0
5.098894e-1 -2.3470903e0 5.768819e0 5.768819e0
7.139594e-1 -2.3470903e0 6.0185698e0 6.0185698e0
9.180293e-1 -2.3470903e0 6.3516096e0 6.3516096e0
1.1220993e0 -2.3470903e0 6.7679382e0 6.7679382e0
1.3261693e0 -2.3470903e0 7.2675552e0 7.2675552e0
1.5302393e0 -2.3470903e0 7.8504654e0 7.8504654e0
1.7343092e0 -2.3470903e0 8.516661e0 8.516661e0
1.9383792e0 -2.3470903e0 9.2661453e0 9.2661453e0
2.1424492e0 -2.3470903e0 1.0e1 1.0e1
2.3465192e0 -2.3470903e0 1.0e1 1.0e1
2.5505891e0 -2.3470903e0 1.0e1 1.0e1
2.7546591e0 -2.3470903e0 1.0e1 1.0e1
2.9587291e0 -2.3470903e0 1.0e1 1.0e1
3.162799e0 -2.3470903e0 1.0e1 1.0e1
3.366869e0 -2.3470903e0 1.0e1 1.0e1
3.570939e0 -2.3470903e0 1.0e1 1.0e1
3.775009e0 -2.3470903e0 1.0e1 1.0e1
3.979079e0 -2.3470903e0 1.0e1 1.0e1
4.183149e0 -2.3470903e0 1.0e1 1.0e1
4.387219e0 -2.3470903e0 1.0e1 1.0e1
4.5912889e0 -2.3470903e0 1.0e1 1.0e1
4.7953589e0 -2.3470903e0 1.0e1 1.0e1
4.9994289e0 -2.3470903e0 1.0e1 1.0e1

-5.0e0 -2.1430203e0 1.0e1 1.0e1
-4.79593e0 -2.1430203e0 1.0e1 1.0e1
-4.59186e0 -2.1430203e0 1.0e1 1.0e1
-4.38779e0 -2.1430203e0 1.0e1 1.0e1
-4.1837201e0 -2.1430203e0 1.0e1 1.0e1
-3.9796501e0 -2.1430203e0 1.0e1 1.0e1
-3.7755801e0 -2.1430203e0 1.0e1 1.0e1
-3.5715102e0 -2.1430203e0 1.0e1 1.0e1
-3.3674402e0 -2.1430203e0 1.0e1 1.0e1
-3.1633702e0 -2.1430203e0 1.0e1 1.0e1
-2.9593002e0 -2.1430203e0 1.0e1 1.0e1
-2.7552303e0 -2.1430203e0 1.0e1 1.0e1
-2.5511603e0 -2.1430203e0 1.0e1 1.0e1
-2.3470903e0 -2.1430203e0 1.0e1 1.0e1
-2.1430203e0 -2.1430203e0 9.1850739e0 9.1850739e0
-1.9389503e0 -2.1430203e0 8.352063e0 8.352063e0
-1.7348804e0 -2.1430203e0 7.6023453e0 7.6023453e0
-1.5308104e0 -2.1430203e0 6.9359177e0 6.9359177e0
-1.3267404e0 -2.1430203e0 6.3527786e0 6.3527786e0
-1.1226704e0 -2.1430203e0 5.8529251e0 5.8529251e0
-9.186005e-1 -2.1430203e0 5.4363637e0 5.4363637e0
-7.145305e-1 -2.1430203e0 5.1030907e0 5.1030907e0
-5.104605e-1 -2.1430203e0 4.8531068e0 4.8531068e0
-3.063905e-1 -2.1430203e0 4.686412e0 4.686412e0
-1.023206e-1 -2.1430203e0 4.6030063e0 4.6030063e0
1.017494e-1 -2.1430203e0 4.6028899e0 4.6028899e0
3.058194e-1 -2.1430203e0 4.6860623e0 4.6860623e0
5.098894e-1 -2.1430203e0 4.8525241e0 4.8525241e0
7.139594e-1 -2.1430203e0 5.102275e0 5.102275e0
9.180293e-1 -2.1430203e0 5.4353148e0 5.4353148e0
1.1220993e0 -2.1430203e0 5.8516434e0 5.8516434e0
1.3261693e0 -2.1430203e0 6.3512604e0 6.3512604e0
1.5302393e0 -2.1430203e0 6.9341705e0 6.9341705e0
1.7343092e0 -2.1430203e0 7.6003662e0 7.6003662e0
1.9383792e0 -2.1430203e0 8.3498505e0 8.3498505e0
2.1424492e0 -2.1430203e0 9.1826279e0 9.1826279e0
2.3465192e0 -2.1430203e0 1.0e1 1.0e1
2.5505891e0 -2.1430203e0 1.0e1 1.0e1
2.7546591e0 -2.1430203e0 1.0e1 1.0e1
2.9587291e0 -2.1430203e0 1.0e1 1.0e1
3.162799e0 -2.1430203e0 1.0e1 1.0e1
3.366869e0 -2.1430203e0 1.0e1 1.0e1
3.570939e0 -2.1430203e0 1.0e1 1.0e1
3.775009e0 -2.1430203e0 1.0e1 1.0e1
3.979079e0 -2.1430203e0 1.0e1 1.0e1
4.183149e0 -2.1430203e0 1.0e1 1.0e1
4.387219e0 -2.1430203e0 1.0e1 1.0e1
4.5912889e0 -2.1430203e0 1.0e1 1.0e1
4.7953589e0 -2.1430203e0 1.0e1 1.0e1
4.9994289e0 -2.1430203e0 1.0e1 1.0e1

-5.0e0 -1.9389503e0 1.0e1 1.0e1
-4.79593e0 -1.9389503e0 1.0e1 1.0e1
-4.59186e0 -1.9389503e0 1.0e1 1.0e1
-4.38779e0 -1.9389503e0 1.0e1 1.0e1
-4.1837201e0 -1.9389503e0 1.0e1 1.0e1
-3.9796501e0 -1.9389503e0 1.0e1 1.0e1
-3.7755801e0 -1.9389503e0 1.0e1 1.0e1
-3.5715102e0 -1.9389503e0 1.0e1 1.0e1
-3.3674402e0 -1.9389503e0 1.0e1 1.0e1
-3.1633702e0 -1.9389503e0 1.0e1 1.0e1
-2.9593002e0 -1.9389503e0 1.0e1 1.0e1
-2.7552303e0 -1.9389503e0 1.0e1 1.0e1
-2.5511603e0 -1.9389503e0 1.0e1 1.0e1
-2.3470903e0 -1.9389503e0 9.2683578e0 9.2683578e0
-2.1430203e0 -1.9389503e0 8.352063e0 8.352063e0
-1.9389503e0 -1.9389503e0 7.5190521e0 7.5190521e0
-1.7348804e0 -1.9389503e0 6.7693344e0 6.7693344e0
-1.5308104e0 -1.9389503e0 6.1029068e0 6.1029068e0
-1.3267404e0 -1.9389503e0 5.5197678e0 5.5197678e0
-1.1226704e0 -1.9389503e0 5.0199142e0 5.0199142e0
-9.186005e-1 -1.9389503e0 4.6033528e0 4.6033528e0
-7.145305e-1 -1.9389503e0 4.2700798e0 4.2700798e0
-5.104605e-1 -1.9389503e0 4.020096e0 4.020096e0
-3.063905e-1 -1.9389503e0 3.8534012e0 3.8534012e0
-1.023206e-1 -1.9389503e0 3.7699954e0 3.7699954e0
1.017494e-1 -1.9389503e0 3.769879e0 3.769879e0
3.058194e-1 -1.9389503e0 3.8530515e0 3.8530515e0
5.098894e-1 -1.9389503e0 4.0195132e0 4.0195132e0
7.139594e-1 -1.9389503e0 4.269264e0 4.269264e0
9.180293e-1 -1.9389503e0 4.602304e0 4.602304e0
1.1220993e0 -1.9389503e0 5.0186325e0 5.0186325e0
1.3261693e0 -1.9389503e0 5.5182495e0 5.5182495e0
1.5302393e0 -1.9389503e0 6.1011597e0 6.1011597e0
1.7343092e0 -1.9389503e0 6.7673553e0 6.7673553e0
1.9383792e0 -1.9389503e0 7.5168396e0 7.5168396e0
2.1424492e0 -1.9389503e0 8.349617e0 8.349617e0
2.3465192e0 -1.9389503e0 9.26568e0 9.26568e0
2.5505891e0 -1.9389503e0 1.0e1 1.0e1
2.7546591e0 -1.9389503e0 1.0e1 1.0e1
2.9587291e0 -1.9389503e0 1.0e1 1.0e1
3.162799e0 -1.9389503e0 1.0e1 1.0e1
3.366869e0 -1.9389503e0 1.0e1 1.0e1
3.570939e0 -1.9389503e0 1.0e1 1.0e1
3.775009e0 -1.9389503e0 1.0e1 1.0e1
3.979079e0 -1.9389503e0 1.0e1 1.0e1
4.183149e0 -1.9389503e0 1.0e1 1.0e1
4.387219e0 -1.9389503e0 1.0e1 1.0e1
4.5912889e0 -1.9389503e0 1.0e1 1.0e1
4.7953589e0 -1.9389503e0 1.0e1 1.0e1
4.9994289e0 -1.9389503e0 1.0e1 1.0e1

-5.0e0 -1.7348804e0 1.0e1 1.0e1
-4.79593e0 -1.7348804e0 1.0e1 1.0e1
-4.59186e0 -1.7348804e0 1.0e1 1.0e1
-4.38779e0 -1.7348804e0 1.0e1 1.0e1
-4.1837201e0 -1.7348804e0 1.0e1 1.0e1
-3.9796501e0 -1.7348804e0 1.0e1 1.0e1
-3.7755801e0 -1.7348804e0 1.0e1 1.0e1
-3.5715102e0 -1.7348804e0 1.0e1 1.0e1
-3.3674402e0 -1.7348804e0 1.0e1 1.0e1
-3.1633702e0 -1.7348804e0 1.0e1 1.0e1
-2.9593002e0 -1.7348804e0 1.0e1 1.0e1
-2.7552303e0 -1.7348804e0 1.0e1 1.0e1
-2.5511603e0 -1.7348804e0 9.5182236e0 9.5182236e0
-2.3470903e0 -1.7348804e0 8.5186401e0 8.5186401e0
-2.1430203e0 -1.7348804e0 7.6023453e0 7.6023453e0
-1.9389503e0 -1.7348804e0 6.7693344e0 6.7693344e0
-1.7348804e0 -1.7348804e0 6.0196167e0 6.0196167e0
-1.5308104e0 -1.7348804e0 5.3531891e0 5.3531891e0
-1.3267404e0 -1.7348804e0 4.77005e0 4.77005e0
-1.1226704e0 -1.7348804e0 4.2701965e0 4.2701965e0
-9.186005e-1 -1.7348804e0 3.8536351e0 3.8536351e0
-7.145305e-1 -1.7348804e0 3.5203621e0 3.5203621e0
-5.104605e-1 -1.7348804e0 3.2703783e0 3.2703783e0
-3.063905e-1 -1.7348804e0 3.1036835e0 3.1036835e0
-1.023206e-1 -1.7348804e0 3.0202777e0 3.0202777e0
1.017494e-1 -1.7348804e0 3.0201613e0 3.0201613e0
3.058194e-1 -1.7348804e0 3.1033337e0 3.1033337e0
5.098894e-1 -1.7348804e0 3.2697955e0 3.2697955e0
7.139594e-1 -1.7348804e0 3.5195464e0 3.5195464e0
9.180293e-1 -1.7348804e0 3.8525862e0 3.8525862e0
1.1220993e0 -1.7348804e0 4.2689148e0 4.2689148e0
1.3261693e0 -1.7348804e0 4.7685318e0 4.7685318e0
1.5302393e0 -1.7348804e0 5.351442e0 5.351442e0
1.7343092e0 -1.7348804e0 6.0176376e0 6.0176376e0
1.9383792e0 -1.7348804e0 6.7671219e0 6.7671219e0
2.1424492e0 -1.7348804e0 7.5998993e0 7.5998993e0
2.3465192e0 -1.7348804e0 8.5159622e0 8.5159622e0
2.5505891e0 -1.7348804e0 9.5153122e0 9.5153122e0
2.7546591e0 -1.7348804e0 1.0e1 1.0e1
2.9587291e0 -1.7348804e0 1.0e1 1.0e1
3.162799e0 -1.7348804e0 1.0e1 1.0e1
3.366869e0 -1.7348804e0 1.0e1 1.0e1
3.570939e0 -1.7348804e0 1.0e1 1.0e1
3.775009e0 -1.7348804e0 1.0e1 1.0e1
3.979079e0 -1.7348804e0 1.0e1 1.0e1
4.183149e0 -1.7348804e0 1.0e1 1.0e1
4.387219e0 -1.7348804e0 1.0e1 1.0e1
4.5912889e0 -1.7348804e0 1.0e1 1.0e1
4.7953589e0 -1.7348804e0 1.0e1 1.0e1
4.9994289e0 -1.7348804e0 1.0e1 1.0e1

-5.0e0 -1.5308104e0 1.0e1 1.0e1
-4.79593e0 -1.5308104e0 1.0e1 1.0e1
-4.59186e0 -1.5308104e0 1.0e1 1.0e1
-4.38779e0 -1.5308104e0 1.0e1 1.0e1
-4.1837201e0 -1.5308104e0 1.0e1 1.0e1
-3.9796501e0 -1.5308104e0 1.0e1 1.0e1
-3.7755801e0 -1.5308104e0 1.0e1 1.0e1
-3.5715102e0 -1.5308104e0 1.0e1 1.0e1
-3.3674402e0 -1.5308104e0 1.0e1 1.0e1
-3.1633702e0 -1.5308104e0 1.0e1 1.0e1
-2.9593002e0 -1.5308104e0 1.0e1 1.0e1
-2.7552303e0 -1.5308104e0 9.9346771e0 9.9346771e0
-2.5511603e0 -1.5308104e0 8.851796e0 8.851796e0
-2.3470903e0 -1.5308104e0 7.8522125e0 7.8522125e0
-2.1430203e0 -1.5308104e0 6.9359177e0 6.9359177e0
-1.9389503e0 -1.5308104e0 6.1029068e0 6.1029068e0
-1.7348804e0 -1.5308104e0 5.3531891e0 5.3531891e0
-1.5308104e0 -1.5308104e0 4.6867615e0 4.6867615e0
-1.3267404e0 -1.5308104e0 4.1036224e0 4.1036224e0
-1.1226704e0 -1.5308104e0 3.6037689e0 3.6037689e0
-9.186005e-1 -1.5308104e0 3.1872075e0 3.1872075e0
-7.145305e-1 -1.5308104e0 2.8539345e0 2.8539345e0
-5.104605e-1 -1.5308104e0 2.6039507e0 2.6039507e0
-3.063905e-1 -1.5308104e0 2.4372559e0 2.4372559e0
-1.023206e-1 -1.5308104e0 2.3538501e0 2.3538501e0
1.017494e-1 -1.5308104e0 2.3537337e0 2.3537337e0
3.058194e-1 -1.5308104e0 2.4369061e0 2.4369061e0
5.098894e-1 -1.5308104e0 2.6033679e0 2.6033679e0
7.139594e-1 -1.5308104e0 2.8531187e0 2.8531187e0
9.180293e-1 -1.5308104e0 3.1861586e0 3.1861586e0
1.1220993e0 -1.5308104e0 3.6024872e0 3.6024872e0
1.3261693e0 -1.5308104e0 4.1021042e0 4.1021042e0
1.5302393e0 -1.5308104e0 4.6850143e0 4.6850143e0
1.7343092e0 -1.5308104e0 5.35121e0 5.35121e0
1.9383792e0 -1.5308104e0 6.1006943e0 6.1006943e0
2.1424492e0 -1.5308104e0 6.9334717e0 6.9334717e0
2.3465192e0 -1.5308104e0 7.8495346e0 7.8495346e0
2.5505891e0 -1.5308104e0 8.8488846e0 8.8488846e0
2.7546591e0 -1.5308104e0 9.9315247e0 9.9315247e0
2.9587291e0 -1.5308104e0 1.0e1 1.0e1
3.162799e0 -1.5308104e0 1.0e1 1.0e1
3.366869e0 -1.5308104e0 1.0e1 1.0e1
3.570939e0 -1.5308104e0 1.0e1 1.0e1
3.775009e0 -1.5308104e0 1.0e1 1.0e1
3.979079e0 -1.5308104e0 1.0e1 1.0e1
4.183149e0 -1.5308104e0 1.0e1 1.0e1
4.387219e0 -1.5308104e0 1.0e1 1.0e1
4.5912889e0 -1.5308104e0 1.0e1 1.0e1
4.7953589e0 -1.5308104e0 1.0e1 1.0e1
4.9994289e0 -1.5308104e0 1.0e1 1.0e1

-5.0e0 -1.3267404e0 1.0e1 1.0e1
-4.79593e0 -1.3267404e0 1.0e1 1.0e1
-4.59186e0 -1.3267404e0 1.0e1 1.0e1
-4.38779e0 -1.3267404e0 1.0e1 1.0e1
-4.1837201e0 -1.3267404e0 1.0e1 1.0e1
-3.9796501e0 -1.3267404e0 1.0e1 1.0e1
-3.7755801e0 -1.3267404e0 1.0e1 1.0e1
-3.5715102e0 -1.3267404e0 1.0e1 1.0e1
-3.3674402e0 -1.3267404e0 1.0e1 1.0e1
-3.1633702e0 -1.3267404e0 1.0e1 1.0e1
-2.9593002e0 -1.3267404e0 1.0e1 1.0e1
-2.7552303e0 -1.3267404e0 9.3515381e0 9.3515381e0
-2.5511603e0 -1.3267404e0 8.2686569e0 8.2686569e0
-2.3470903e0 -1.3267404e0 7.2690735e0 7.2690735e0
-2.1430203e0 -1.3267404e0 6.3527786e0 6.3527786e0
-1.9389503e0 -1.3267404e0 5.5197678e0 5.5197678e0
-1.7348804e0 -1.3267404e0 4.77005e0 4.77005e0
-1.5308104e0 -1.3267404e0 4.1036224e0 4.1036224e0
-1.3267404e0 -1.3267404e0 3.5204834e0 3.5204834e0
-1.1226704e0 -1.3267404e0 3.0206299e0 3.0206299e0
-9.186005e-1 -1.3267404e0 2.6040685e0 2.6040685e0
-7.145305e-1 -1.3267404e0 2.2707954e0 2.2707954e0
-5.104605e-1 -1.3267404e0 2.0208116e0 2.0208116e0
-3.063905e-1 -1.3267404e0 1.8541168e0 1.8541168e0
-1.023206e-1 -1.3267404e0 1.770711e0 1.770711e0
1.017494e-1 -1.3267404e0 1.7705946e0 1.7705946e0
3.058194e-1 -1.3267404e0 1.8537671e0 1.8537671e0
5.098894e-1 -1.3267404e0 2.0202289e0 2.0202289e0
7.139594e-1 -1.3267404e0 2.2699797e0 2.2699797e0
9.180293e-1 -1.3267404e0 2.6030196e0 2.6030196e0
1.1220993e0 -1.3267404e0 3.0193481e0 3.0193481e0
1.3261693e0 -1.3267404e0 3.5189651e0 3.5189651e0
1.5302393e0 -1.3267404e0 4.1018753e0 4.1018753e0
1.7343092e0 -1.3267404e0 4.768071e0 4.768071e0
1.9383792e0 -1.3267404e0 5.5175552e0 5.5175552e0
2.1424492e0 -1.3267404e0 6.3503326e0 6.3503326e0
2.3465192e0 -1.3267404e0 7.2663956e0 7.2663956e0
2.5505891e0 -1.3267404e0 8.2657455e0 8.2657455e0
2.7546591e0 -1.3267404e0 9.3483856e0 9.3483856e0
2.9587291e0 -1.3267404e0 1.0e1 1.0e1
3.162799e0 -1.3267404e0 1.0e1 1.0e1
3.366869e0 -1.3267404e0 1.0e1 1.0e1
3.570939e0 -1.3267404e0 1.0e1 1.0e1
3.775009e0 -1.3267404e0 1.0e1 1.0e1
3.979079e0 -1.3267404e0 1.0e1 1.0e1
4.183149e0 -1.3267404e0 1.0e1 1.0e1
4.387219e0 -1.3267404e0 1.0e1 1.0e1
4.5912889e0 -1.3267404e0 1.0e1 1.0e1
4.7953589e0 -1.3267404e0 1.0e1 1.0e1
4.9994289e0 -1.3267404e0 1.0e1 1.0e1

-5.0e0 -1.1226704e0 1.0e1 1.0e1
-4.79593e0 -1.1226704e0 1.0e1 1.0e1
-4.59186e0 -1.1226704e0 1.0e1 1.0e1
-4.38779e0 -1.1226704e0 1.0e1 1.0e1
-4.1837201e0 -1.1226704e0 1.0e1 1.0e1
-3.9796501e0 -1.1226704e0 1.0e1 1.0e1
-3.7755801e0 -1.1226704e0 1.0e1 1.0e1
-3.5715102e0 -1.1226704e0 1.0e1 1.0e1
-3.3674402e0 -1.1226704e0 1.0e1 1.0e1
-3.1633702e0 -1.1226704e0 1.0e1 1.0e1
-2.9593002e0 -1.1226704e0 1.0e1 1.0e1
-2.7552303e0 -1.1226704e0 8.8516846e0 8.8516846e0
-2.5511603e0 -1.1226704e0 7.7688034e0 7.7688034e0
-2.3470903e0 -1.1226704e0 6.76922e0 6.76922e0
-2.1430203e0 -1.1226704e0 5.8529251e0 5.8529251e0
-1.9389503e0 -1.1226704e0 5.0199142e0 5.0199142e0
-1.7348804e0 -1.1226704e0 4.2701965e0 4.2701965e0
-1.5308104e0 -1.1226704e0 3.6037689e0 3.6037689e0
-1.3267404e0 -1.1226704e0 3.0206299e0 3.0206299e0
-1.1226704e0 -1.1226704e0 2.5207764e0 2.5207764e0
-9.186005e-1 -1.1226704e0 2.104215e0 2.104215e0
-7.145305e-1 -1.1226704e0 1.770942e0 1.770942e0
-5.104605e-1 -1.1226704e0 1.5209581e0 1.5209581e0
-3.063905e-1 -1.1226704e0 1.3542633e0 1.3542633e0
-1.023206e-1 -1.1226704e0 1.2708575e0 1.2708575e0
1.017494e-1 -1.1226704e0 1.2707411e0 1.2707411e0
3.058194e-1 -1.1226704e0 1.3539136e0 1.3539136e0
5.098894e-1 -1.1226704e0 1.5203754e0 1.5203754e0
7.139594e-1 -1.1226704e0 1.7701262e0 1.7701262e0
9.180293e-1 -1.1226704e0 2.103166e0 2.103166e0
1.1220993e0 -1.1226704e0 2.5194946e0 2.5194946e0
1.3261693e0 -1.1226704e0 3.0191116e0 3.0191116e0
1.5302393e0 -1.1226704e0 3.6020218e0 3.6020218e0
1.7343092e0 -1.1226704e0 4.2682175e0 4.2682175e0
1.9383792e0 -1.1226704e0 5.0177017e0 5.0177017e0
2.1424492e0 -1.1226704e0 5.8504791e0 5.8504791e0
2.3465192e0 -1.1226704e0 6.766542e0 6.766542e0
2.5505891e0 -1.1226704e0 7.765892e0 7.765892e0
2.7546591e0 -1.1226704e0 8.8485321e0 8.8485321e0
2.9587291e0 -1.1226704e0 1.0e1 1.0e1
3.162799e0 -1.1226704e0 1.0e1 1.0e1
3.366869e0 -1.1226704e0 1.0e1 1.0e1
3.570939e0 -1.1226704e0 1.0e1 1.0e1
3.775009e0 -1.1226704e0 1.0e1 1.0e1
3.979079e0 -1.1226704e0 1.0e1 1.0e1
4.183149e0 -1.1226704e0 1.0e1 1.0e1
4.387219e0 -1.1226704e0 1.0e1 1.0e1
4.5912889e0 -1.1226704e0 1.0e1 1.0e1
4.7953589e0 -1.1226704e0 1.0e1 1.0e1
4.9994289e0 -1.1226704e0 1.0e1 1.0e1

-5.0e0 -9.186005e-1 1.0e1 1.0e1
-4.79593e0 -9.186005e-1 1.0e1 1.0e1
-4.59186e0 -9.186005e-1 1.0e1 1.0e1
-4.38779e0 -9.186005e-1 1.0e1 1.0e1
-4.1837201e0 -9.186005e-1 1.0e1 1.0e1
-3.9796501e0 -9.186005e-1 1.0e1 1.0e1
-3.7755801e0 -9.186005e-1 1.0e1 1.0e1
-3.5715102e0 -9.186005e-1 1.0e1 1.0e1
-3.3674402e0 -9.186005e-1 1.0e1 1.0e1
-3.1633702e0 -9.186005e-1 1.0e1 1.0e1
-2.9593002e0 -9.186005e-1 9.6012837e0 9.6012837e0
-2.7552303e0 -9.186005e-1 8.4351231e0 8.4351231e0
-2.5511603e0 -9.186005e-1 7.352242e0 7.352242e0
-2.3470903e0 -9.186005e-1 6.3526585e0 6.3526585e0
-2.1430203e0 -9.186005e-1 5.4363637e0 5.4363637e0
-1.9389503e0 -9.186005e-1 4.6033528e0 4.6033528e0
-1.7348804e0 -9.186005e-1 3.8536351e0 3.8536351e0
-1.5308104e0 -9.186005e-1 3.1872075e0 3.1872075e0
-1.3267404e0 -9.186005e-1 2.6040685e0 2.6040685e0
-1.1226704e0 -9.186005e-1 2.104215e0 2.104215e0
-9.186005e-1 -9.186005e-1 1.6876535e0 1.6876535e0
-7.145305e-1 -9.186005e-1 1.3543805e0 1.3543805e0
-5.104605e-1 -9.186005e-1 1.10439667e0 1.10439667e0
-3.063905e-1 -9.186005e-1 9.377019e-1 9.377019e-1
-1.023206e-1 -9.186005e-1 8.5429625e-1 8.5429625e-1
1.017494e-1 -9.186005e-1 8.5417969e-1 8.5417969e-1
3.058194e-1 -9.186005e-1 9.3735225e-1 9.3735225e-1
5.098894e-1 -9.186005e-1 1.10381393e0 1.10381393e0
7.139594e-1 -9.186005e-1 1.35356476e0 1.35356476e0
9.180293e-1 -9.186005e-1 1.68660461e0 1.68660461e0
1.1220993e0 -9.186005e-1 2.1029332e0 2.1029332e0
1.3261693e0 -9.186005e-1 2.6025502e0 2.6025502e0
1.5302393e0 -9.186005e-1 3.1854604e0 3.1854604e0
1.7343092e0 -9.186005e-1 3.851656e0 3.851656e0
1.9383792e0 -9.186005e-1 4.6011403e0 4.6011403e0
2.1424492e0 -9.186005e-1 5.4339177e0 5.4339177e0
2.3465192e0 -9.186005e-1 6.3499806e0 6.3499806e0
2.5505891e0 -9.186005e-1 7.3493306e0 7.3493306e0
2.7546591e0 -9.186005e-1 8.4319707e0 8.4319707e0
2.9587291e0 -9.186005e-1 9.597907e0 9.597907e0
3.162799e0 -9.186005e-1 1.0e1 1.0e1
3.366869e0 -9.186005e-1 1.0e1 1.0e1
3.570939e0 -9.186005e-1 1.0e1 1.0e1
3.775009e0 -9.186005e-1 1.0e1 1.0e1
3.979079e0 -9.186005e-1 1.0e1 1.0e1
4.183149e0 -9.186005e-1 1.0e1 1.0e1
4.387219e0 -9.186005e-1 1.0e1 1.0e1
4.5912889e0 -9.186005e-1 1.0e1 1.0e1
4.7953589e0 -9.186005e-1 1.0e1 1.0e1
4.9994289e0 -9.186005e-1 1.0e1 1.0e1

-5.0e0 -7.145305e-1 1.0e1 1.0e1
-4.79593e0 -7.145305e-1 1.0e1 1.0e1
-4.59186e0 -7.145305e-1 1.0e1 1.0e1
-4.38779e0 -7.145305e-1 1.0e1 1.0e1
-4.1837201e0 -7.145305e-1 1.0e1 1.0e1
-3.9796501e0 -7.145305e-1 1.0e1 1.0e1
-3.7755801e0 -7.145305e-1 1.0e1 1.0e1
-3.5715102e0 -7.145305e-1 1.0e1 1.0e1
-3.3674402e0 -7.145305e-1 1.0e1 1.0e1
-3.1633702e0 -7.145305e-1 1.0e1 1.0e1
-2.9593002e0 -7.145305e-1 9.2680107e0 9.2680107e0
-2.7552303e0 -7.145305e-1 8.1018501e0 8.1018501e0
-2.5511603e0 -7.145305e-1 7.018969e0 7.018969e0
-2.3470903e0 -7.145305e-1 6.0193855e0 6.0193855e0
-2.1430203e0 -7.145305e-1 5.1030907e0 5.1030907e0
-1.9389503e0 -7.145305e-1 4.2700798e0 4.2700798e0
-1.7348804e0 -7.145305e-1 3.5203621e0 3.5203621e0
-1.5308104e0 -7.145305e-1 2.8539345e0 2.8539345e0
-1.3267404e0 -7.145305e-1 2.2707954e0 2.2707954e0
-1.1226704e0 -7.145305e-1 1.770942e0 1.770942e0
-9.186005e-1 -7.145305e-1 1.3543805e0 1.3543805e0
-7.145305e-1 -7.145305e-1 1.02110748e0 1.02110748e0
-5.104605e-1 -7.145305e-1 7.7112366e-1 7.7112366e-1
-3.063905e-1 -7.145305e-1 6.044289e-1 6.044289e-1
-1.023206e-1 -7.145305e-1 5.2102324e-1 5.2102324e-1
1.017494e-1 -7.145305e-1 5.2090668e-1 5.2090668e-1
3.058194e-1 -7.145305e-1 6.0407924e-1 6.0407924e-1
5.098894e-1 -7.145305e-1 7.7054092e-1 7.7054092e-1
7.139594e-1 -7.145305e-1 1.02029175e0 1.02029175e0
9.180293e-1 -7.145305e-1 1.3533316e0 1.3533316e0
1.1220993e0 -7.145305e-1 1.7696602e0 1.7696602e0
1.3261693e0 -7.145305e-1 2.2692772e0 2.2692772e0
1.5302393e0 -7.145305e-1 2.8521873e0 2.8521873e0
1.7343092e0 -7.145305e-1 3.518383e0 3.518383e0
1.9383792e0 -7.145305e-1 4.2678673e0 4.2678673e0
2.1424492e0 -7.145305e-1 5.1006447e0 5.1006447e0
2.3465192e0 -7.145305e-1 6.0167076e0 6.0167076e0
2.5505891e0 -7.145305e-1 7.0160576e0 7.0160576e0
2.7546591e0 -7.145305e-1 8.0986977e0 8.0986977e0
2.9587291e0 -7.145305e-1 9.264634e0 9.264634e0
3.162799e0 -7.145305e-1 1.0e1 1.0e1
3.366869e0 -7.145305e-1 1.0e1 1.0e1
3.570939e0 -7.145305e-1 1.0e1 1.0e1
3.775009e0 -7.145305e-1 1.0e1 1.0e1
3.979079e0 -7.145305e-1 1.0e1 1.0e1
4.183149e0 -7.145305e-1 1.0e1 1.0e1
4.387219e0 -7.145305e-1 1.0e1 1.0e1
4.5912889e0 -7.145305e-1 1.0e1 1.0e1
4.7953589e0 -7.145305e-1 1.0e1 1.0e1
4.9994289e0 -7.145305e-1 1.0e1 1.0e1

-5.0e0 -5.104605e-1 1.0e1 1.0e1
-4.79593e0 -5.104605e-1 1.0e1 1.0e1
-4.59186e0 -5.104605e-1 1.0e1 1.0e1
-4.38779e0 -5.104605e-1 1.0e1 1.0e1
-4.1837201e0 -5.104605e-1 1.0e1 1.0e1
-3.9796501e0 -5.104605e-1 1.0e1 1.0e1
-3.7755801e0 -5.104605e-1 1.0e1 1.0e1
-3.5715102e0 -5.104605e-1 1.0e1 1.0e1
-3.3674402e0 -5.104605e-1 1.0e1 1.0e1
-3.1633702e0 -5.104605e-1 1.0e1 1.0e1
-2.9593002e0 -5.104605e-1 9.0180269e0 9.0180269e0
-2.7552303e0 -5.104605e-1 7.8518663e0 7.8518663e0
-2.5511603e0 -5.104605e-1 6.7689851e0 6.7689851e0
-2.3470903e0 -5.104605e-1 5.7694017e0 5.7694017e0
-2.1430203e0 -5.104605e-1 4.8531068e0 4.8531068e0
-1.9389503e0 -5.104605e-1 4.020096e0 4.020096e0
-1.7348804e0 -5.104605e-1 3.2703783e0 3.2703783e0
-1.5308104e0 -5.104605e-1 2.6039507e0 2.6039507e0
-1.3267404e0 -5.104605e-1 2.0208116e0 2.0208116e0
-1.1226704e0 -5.104605e-1 1.5209581e0 1.5209581e0
-9.186005e-1 -5.104605e-1 1.10439667e0 1.10439667e0
-7.145305e-1 -5.104605e-1 7.7112366e-1 7.7112366e-1
-5.104605e-1 -5.104605e-1 5.2113983e-1 5.2113983e-1
-3.063905e-1 -5.104605e-1 3.5444507e-1 3.5444507e-1
-1.023206e-1 -5.104605e-1 2.7103941e-1 2.7103941e-1
1.017494e-1 -5.104605e-1 2.7092285e-1 2.7092285e-1
3.058194e-1 -5.104605e-1 3.5409541e-1 3.5409541e-1
5.098894e-1 -5.104605e-1 5.205571e-1 5.205571e-1
7.139594e-1 -5.104605e-1 7.7030792e-1 7.7030792e-1
9.180293e-1 -5.104605e-1 1.10334778e0 1.10334778e0
1.1220993e0 -5.104605e-1 1.5196764e0 1.5196764e0
1.3261693e0 -5.104605e-1 2.0192934e0 2.0192934e0
1.5302393e0 -5.104605e-1 2.6022035e0 2.6022035e0
1.7343092e0 -5.104605e-1 3.2683992e0 3.2683992e0
1.9383792e0 -5.104605e-1 4.0178835e0 4.0178835e0
2.1424492e0 -5.104605e-1 4.8506609e0 4.8506609e0
2.3465192e0 -5.104605e-1 5.7667238e0 5.7667238e0
2.5505891e0 -5.104605e-1 6.7660738e0 6.7660738e0
2.7546591e0 -5.104605e-1 7.8487138e0 7.8487138e0
2.9587291e0 -5.104605e-1 9.0146501e0 9.0146501e0
3.162799e0 -5.104605e-1 1.0e1 1.0e1
3.366869e0 -5.104605e-1 1.0e1 1.0e1
3.570939e0 -5.104605e-1 1.0e1 1.0e1
3.775009e0 -5.104605e-1 1.0e1 1.0e1
3.979079e0 -5.104605e-1 1.0e1 1.0e1
4.183149e0 -5.104605e-1 1.0e1 1.0e1
4.387219e0 -5.104605e-1 1.0e1 1.0e1
4.5912889e0 -5.104605e-1 1.0e1 1.0e1
4.7953589e0 -5.104605e-1 1.0e1 1.0e1
4.9994289e0 -5.104605e-1 1.0e1 1.0e1

-5.0e0 -3.063905e-1 1.0e1 1.0e1
-4.79593e0 -3.063905e-1 1.0e1 1.0e1
-4.59186e0 -3.063905e-1 1.0e1 1.0e1
-4.38779e0 -3.063905e-1 1.0e1 1.0e1
-4.1837201e0 -3.063905e-1 1.0e1 1.0e1
-3.9796501e0 -3.063905e-1 1.0e1 1.0e1
-3.7755801e0 -3.063905e-1 1.0e1 1.0e1
-3.5715102e0 -3.063905e-1 1.0e1 1.0e1
-3.3674402e0 -3.063905e-1 1.0e1 1.0e1
-3.1633702e0 -3.063905e-1 1.0e1 1.0e1
-2.9593002e0 -3.063905e-1 8.8513321e0 8.8513321e0
-2.7552303e0 -3.063905e-1 7.6851715e0 7.6851715e0
-2.5511603e0 -3.063905e-1 6.6022903e0 6.6022903e0
-2.3470903e0 -3.063905e-1 5.6027069e0 5.6027069e0
-2.1430203e0 -3.063905e-1 4.686412e0 4.686412e0
-1.9389503e0 -3.063905e-1 3.8534012e0 3.8534012e0
-1.7348804e0 -3.063905e-1 3.1036835e0 3.1036835e0
-1.5308104e0 -3.063905e-1 2.4372559e0 2.4372559e0
-1.3267404e0 -3.063905e-1 1.8541168e0 1.8541168e0
-1.1226704e0 -3.063905e-1 1.3542633e0 1.3542633e0
-9.186005e-1 -3.063905e-1 9.377019e-1 9.377019e-1
-7.145305e-1 -3.063905e-1 6.044289e-1 6.044289e-1
-5.104605e-1 -3.063905e-1 3.5444507e-1 3.5444507e-1
-3.063905e-1 -3.063905e-1 1.87750305e-1 1.87750305e-1
-1.023206e-1 -3.063905e-1 1.0434465e-1 1.0434465e-1
1.017494e-1 -3.063905e-1 1.04228088e-1 1.04228088e-1
3.058194e-1 -3.063905e-1 1.8740065e-1 1.8740065e-1
5.098894e-1 -3.063905e-1 3.5386234e-1 3.5386234e-1
7.139594e-1 -3.063905e-1 6.0361316e-1 6.0361316e-1
9.180293e-1 -3.063905e-1 9.3665302e-1 9.3665302e-1
1.1220993e0 -3.063905e-1 1.3529816e0 1.3529816e0
1.3261693e0 -3.063905e-1 1.8525986e0 1.8525986e0
1.5302393e0 -3.063905e-1 2.4355087e0 2.4355087e0
1.7343092e0 -3.063905e-1 3.1017044e0 3.1017044e0
1.9383792e0 -3.063905e-1 3.8511887e0 3.8511887e0
2.1424492e0 -3.063905e-1 4.683966e0 4.683966e0
2.3465192e0 -3.063905e-1 5.600029e0 5.600029e0
2.5505891e0 -3.063905e-1 6.599379e0 6.599379e0
2.7546591e0 -3.063905e-1 7.682019e0 7.682019e0
2.9587291e0 -3.063905e-1 8.8479553e0 8.8479553e0
3.162799e0 -3.063905e-1 1.0e1 1.0e1
3.366869e0 -3.063905e-1 1.0e1 1.0e1
3.570939e0 -3.063905e-1 1.0e1 1.0e1
3.775009e0 -3.063905e-1 1.0e1 1.0e1
3.979079e0 -3.063905e-1 1.0e1 1.0e1
4.183149e0 -3.063905e-1 1.0e1 1.0e1
4.387219e0 -3.063905e-1 1.0e1 1.0e1
4.5912889e0 -3.063905e-1 1.0e1 1.0e1
4.7953589e0 -3.063905e-1 1.0e1 1.0e1
4.9994289e0 -3.063905e-1 1.0e1 1.0e1

-5.0e0 -1.023206e-1 1.0e1 1.0e1
-4.79593e0 -1.023206e-1 1.0e1 1.0e1
-4.59186e0 -1.023206e-1 1.0e1 1.0e1
-4.38779e0 -1.023206e-1 1.0e1 1.0e1
-4.1837201e0 -1.023206e-1 1.0e1 1.0e1
-3.9796501e0 -1.023206e-1 1.0e1 1.0e1
-3.7755801e0 -1.023206e-1 1.0e1 1.0e1
-3.5715102e0 -1.023206e-1 1.0e1 1.0e1
-3.3674402e0 -1.023206e-1 1.0e1 1.0e1
-3.1633702e0 -1.023206e-1 1.0e1 1.0e1
-2.9593002e0 -1.023206e-1 8.7679263e0 8.7679263e0
-2.7552303e0 -1.023206e-1 7.6017657e0 7.6017657e0
-2.5511603e0 -1.023206e-1 6.5188846e0 6.5188846e0
-2.3470903e0 -1.023206e-1 5.5193011e0 5.5193011e0
-2.1430203e0 -1.023206e-1 4.6030063e0 4.6030063e0
-1.9389503e0 -1.023206e-1 3.7699954e0 3.7699954e0
-1.7348804e0 -1.023206e-1 3.0202777e0 3.0202777e0
-1.5308104e0 -1.023206e-1 2.3538501e0 2.3538501e0
-1.3267404e0 -1.023206e-1 1.770711e0 1.770711e0
-1.1226704e0 -1.023206e-1 1.2708575e0 1.2708575e0
-9.186005e-1 -1.023206e-1 8.5429625e-1 8.5429625e-1
-7.145305e-1 -1.023206e-1 5.2102324e-1 5.2102324e-1
-5.104605e-1 -1.023206e-1 2.7103941e-1 2.7103941e-1
-3.063905e-1 -1.023206e-1 1.0434465e-1 1.0434465e-1
-1.023206e-1 -1.023206e-1 2.0938995e-2 2.0938995e-2
1.017494e-1 -1.023206e-1 2.0822433e-2 2.0822433e-2
3.058194e-1 -1.023206e-1 1.03994995e-1 1.03994995e-1
5.098894e-1 -1.023206e-1 2.7045668e-1 2.7045668e-1
7.139594e-1 -1.023206e-1 5.202075e-1 5.202075e-1
9.180293e-1 -1.023206e-1 8.5324736e-1 8.5324736e-1
1.1220993e0 -1.023206e-1 1.2695758e0 1.2695758e0
1.3261693e0 -1.023206e-1 1.7691928e0 1.7691928e0
1.5302393e0 -1.023206e-1 2.352103e0 2.352103e0
1.7343092e0 -1.023206e-1 3.0182986e0 3.0182986e0
1.9383792e0 -1.023206e-1 3.7677829e0 3.7677829e0
2.1424492e0 -1.023206e-1 4.6005603e0 4.6005603e0
2.3465192e0 -1.023206e-1 5.5166232e0 5.5166232e0
2.5505891e0 -1.023206e-1 6.5159732e0 6.5159732e0
2.7546591e0 -1.023206e-1 7.5986133e0 7.5986133e0
2.9587291e0 -1.023206e-1 8.7645496e0 8.7645496e0
3.162799e0 -1.023206e-1 1.0e1 1.0e1
3.366869e0 -1.023206e-1 1.0e1 1.0e1
3.570939e0 -1.023206e-1 1.0e1 1.0e1
3.775009e0 -1.023206e-1 1.0e1 1.0e1
3.979079e0 -1.023206e-1 1.0e1 1.0e1
4.183149e0 -1.023206e-1 1.0e1 1.0e1
4.387219e0 -1.023206e-1 1.0e1 1.0e1
4.5912889e0 -1.023206e-1 1.0e1 1.0e1
4.7953589e0 -1.023206e-1 1.0e1 1.0e1
4.9994289e0 -1.023206e-1 1.0e1 1.0e1

-5.0e0 1.017494e-1 1.0e1 1.0e1
-4.79593e0 1.017494e-1 1.0e1 1.0e1
-4.59186e0 1.017494e-1 1.0e1 1.0e1
-4.38779e0 1.017494e-1 1.0e1 1.0e1
-4.1837201e0 1.017494e-1 1.0e1 1.0e1
-3.9796501e0 1.017494e-1 1.0e1 1.0e1
-3.7755801e0 1.017494e-1 1.0e1 1.0e1
-3.5715102e0 1.017494e-1 1.0e1 1.0e1
-3.3674402e0 1.017494e-1 1.0e1 1.0e1
-3.1633702e0 1.017494e-1 1.0e1 1.0e1
-2.9593002e0 1.017494e-1 8.7678099e0 8.7678099e0
-2.7552303e0 1.017494e-1 7.6016493e0 7.6016493e0
-2.5511603e0 1.017494e-1 6.5187682e0 6.5187682e0
-2.3470903e0 1.017494e-1 5.5191847e0 5.5191847e0
-2.1430203e0 1.017494e-1 4.6028899e0 4.6028899e0
-1.9389503e0 1.017494e-1 3.769879e0 3.769879e0
-1.7348804e0 1.017494e-1 3.0201613e0 3.0201613e0
-1.5308104e0 1.017494e-1 2.3537337e0 2.3537337e0
-1.3267404e0 1.017494e-1 1.7705946e0 1.7705946e0
-1.1226704e0 1.017494e-1 1.2707411e0 1.2707411e0
-9.186005e-1 1.017494e-1 8.5417969e-1 8.5417969e-1
-7.145305e-1 1.017494e-1 5.2090668e-1 5.2090668e-1
-5.104605e-1 1.017494e-1 2.7092285e-1 2.7092285e-1
-3.063905e-1 1.017494e-1 1.04228088e-1 1.04228088e-1
-1.023206e-1 1.017494e-1 2.0822433e-2 2.0822433e-2
1.017494e-1 1.017494e-1 2.0705872e-2 2.0705872e-2
3.058194e-1 1.017494e-1 1.03878433e-1 1.03878433e-1
5.098894e-1 1.017494e-1 2.7034012e-1 2.7034012e-1
7.139594e-1 1.017494e-1 5.2009094e-1 5.2009094e-1
9.180293e-1 1.017494e-1 8.531308e-1 8.531308e-1
1.1220993e0 1.017494e-1 1.2694594e0 1.2694594e0
1.3261693e0 1.017494e-1 1.7690764e0 1.7690764e0
1.5302393e0 1.017494e-1 2.3519865e0 2.3519865e0
1.7343092e0 1.017494e-1 3.0181822e0 3.0181822e0
1.9383792e0 1.017494e-1 3.7676665e0 3.7676665e0
2.1424492e0 1.017494e-1 4.6004439e0 4.6004439e0
2.3465192e0 1.017494e-1 5.5165068e0 5.5165068e0
2.5505891e0 1.017494e-1 6.5158568e0 6.5158568e0
2.7546591e0 1.017494e-1 7.5984969e0 7.5984969e0
2.9587291e0 1.017494e-1 8.7644331e0 8.7644331e0
3.162799e0 1.017494e-1 1.0e1 1.0e1
3.366869e0 1.017494e-1 1.0e1 1.0e1
3.570939e0 1.017494e-1 1.0e1 1.0e1
3.775009e0 1.017494e-1 1.0e1 1.0e1
3.979079e0 1.017494e-1 1.0e1 1.0e1
4.183149e0 1.017494e-1 1.0e1 1.0e1
4.387219e0 1.017494e-1 1.0e1 1.0e1
4.5912889e0 1.017494e-1 1.0e1 1.0e1
4.7953589e0 1.017494e-1 1.0e1 1.0e1
4.9994289e0 1.017494e-1 1.0e1 1.0e1

-5.0e0 3.058194e-1 1.0e1 1.0e1
-4.79593e0 3.058194e-1 1.0e1 1.0e1
-4.59186e0 3.058194e-1 1.0e1 1.0e1
-4.38779e0 3.058194e-1 1.0e1 1.0e1
-4.1837201e0 3.058194e-1 1.0e1 1.0e1
-3.9796501e0 3.058194e-1 1.0e1 1.0e1
-3.7755801e0 3.058194e-1 1.0e1 1.0e1
-3.5715102e0 3.058194e-1 1.0e1 1.0e1
-3.3674402e0 3.058194e-1 1.0e1 1.0e1
-3.1633702e0 3.058194e-1 1.0e1 1.0e1
-2.9593002e0 3.058194e-1 8.8509824e0 8.8509824e0
-2.7552303e0 3.058194e-1 7.6848218e0 7.6848218e0
-2.5511603e0 3.058194e-1 6.6019406e0 6.6019406e0
-2.3470903e0 3.058194e-1 5.6023572e0 5.6023572e0
-2.1430203e0 3.058194e-1 4.6860623e0 4.6860623e0
-1.9389503e0 3.058194e-1 3.8530515e0 3.8530515e0
-1.7348804e0 3.058194e-1 3.1033337e0 3.1033337e0
-1.5308104e0 3.058194e-1 2.4369061e0 2.4369061e0
-1.3267404e0 3.058194e-1 1.8537671e0 1.8537671e0
-1.1226704e0 3.058194e-1 1.3539136e0 1.3539136e0
-9.186005e-1 3.058194e-1 9.3735225e-1 9.3735225e-1
-7.145305e-1 3.058194e-1 6.0407924e-1 6.0407924e-1
-5.104605e-1 3.058194e-1 3.5409541e-1 3.5409541e-1
-3.063905e-1 3.058194e-1 1.8740065e-1 1.8740065e-1
-1.023206e-1 3.058194e-1 1.03994995e-1 1.03994995e-1
1.017494e-1 3.058194e-1 1.03878433e-1 1.03878433e-1
3.058194e-1 3.058194e-1 1.87050995e-1 1.87050995e-1
5.098894e-1 3.058194e-1 3.5351268e-1 3.5351268e-1
7.139594e-1 3.058194e-1 6.032635e-1 6.032635e-1
9.180293e-1 3.058194e-1 9.3630336e-1 9.3630336e-1
1.1220993e0 3.058194e-1 1.3526318e0 1.3526318e0
1.3261693e0 3.058194e-1 1.8522488e0 1.8522488e0
1.5302393e0 3.058194e-1 2.435159e0 2.435159e0
1.7343092e0 3.058194e-1 3.1013547e0 3.1013547e0
1.9383792e0 3.058194e-1 3.850839e0 3.850839e0
2.1424492e0 3.058194e-1 4.6836163e0 4.6836163e0
2.3465192e0 3.058194e-1 5.5996793e0 5.5996793e0
2.5505891e0 3.058194e-1 6.5990292e0 6.5990292e0
2.7546591e0 3.058194e-1 7.6816693e0 7.6816693e0
2.9587291e0 3.058194e-1 8.8476056e0 8.8476056e0
3.162799e0 3.058194e-1 1.0e1 1.0e1
3.366869e0 3.058194e-1 1.0e1 1.0e1
3.570939e0 3.058194e-1 1.0e1 1.0e1
3.775009e0 3.058194e-1 1.0e1 1.0e1
3.979079e0 3.058194e-1 1.0e1 1.0e1
4.183149e0 3.058194e-1 1.0e1 1.0e1
4.387219e0 3.058194e-1 1.0e1 1.0e1
4.5912889e0 3.058194e-1 1.0e1 1.0e1
4.7953589e0 3.058194e-1 1.0e1 1.0e1
4.9994289e0 3.058194e-1 1.0e1 1.0e1

-5.0e0 5.098894e-1 1.0e1 1.0e1
-4.79593e0 5.098894e-1 1.0e1 1.0e1
-4.59186e0 5.098894e-1 1.0e1 1.0e1
-4.38779e0 5.098894e-1 1.0e1 1.0e1
-4.1837201e0 5.098894e-1 1.0e1 1.0e1
-3.9796501e0 5.098894e-1 1.0e1 1.0e1
-3.7755801e0 5.098894e-1 1.0e1 1.0e1
-3.5715102e0 5.098894e-1 1.0e1 1.0e1
-3.3674402e0 5.098894e-1 1.0e1 1.0e1
-3.1633702e0 5.098894e-1 1.0e1 1.0e1
-2.9593002e0 5.098894e-1 9.0174442e0 9.0174442e0
-2.7552303e0 5.098894e-1 7.8512836e0 7.8512836e0
-2.5511603e0 5.098894e-1 6.7684024e0 6.7684024e0
-2.3470903e0 5.098894e-1 5.768819e0 5.768819e0
-2.1430203e0 5.098894e-1 4.8525241e0 4.8525241e0
-1.9389503e0 5.098894e-1 4.0195132e0 4.0195132e0
-1.7348804e0 5.098894e-1 3.2697955e0 3.2697955e0
-1.5308104e0 5.098894e-1 2.6033679e0 2.6033679e0
-1.3267404e0 5.098894e-1 2.0202289e0 2.0202289e0
-1.1226704e0 5.098894e-1 1.5203754e0 1.5203754e0
-9.186005e-1 5.098894e-1 1.10381393e0 1.10381393e0
-7.145305e-1 5.098894e-1 7.7054092e-1 7.7054092e-1
-5.104605e-1 5.098894e-1 5.205571e-1 5.205571e-1
-3.063905e-1 5.098894e-1 3.5386234e-1 3.5386234e-1
-1.023206e-1 5.098894e-1 2.7045668e-1 2.7045668e-1
1.017494e-1 5.098894e-1 2.7034012e-1 2.7034012e-1
3.058194e-1 5.098894e-1 3.5351268e-1 3.5351268e-1
5.098894e-1 5.098894e-1 5.1997437e-1 5.1997437e-1
7.139594e-1 5.098894e-1 7.6972519e-1 7.6972519e-1
9.180293e-1 5.098894e-1 1.10276505e0 1.10276505e0
1.1220993e0 5.098894e-1 1.5190936e0 1.5190936e0
1.3261693e0 5.098894e-1 2.0187106e0 2.0187106e0
1.5302393e0 5.098894e-1 2.6016208e0 2.6016208e0
1.7343092e0 5.098894e-1 3.2678165e0 3.2678165e0
1.9383792e0 5.098894e-1 4.0173007e0 4.0173007e0
2.1424492e0 5.098894e-1 4.8500781e0 4.8500781e0
2.3465192e0 5.098894e-1 5.766141e0 5.766141e0
2.5505891e0 5.098894e-1 6.765491e0 6.765491e0
2.7546591e0 5.098894e-1 7.8481311e0 7.8481311e0
2.9587291e0 5.098894e-1 9.0140674e0 9.0140674e0
3.162799e0 5.098894e-1 1.0e1 1.0e1
3.366869e0 5.098894e-1 1.0e1 1.0e1
3.570939e0 5.098894e-1 1.0e1 1.0e1
3.775009e0 5.098894e-1 1.0e1 1.0e1
3.979079e0 5.098894e-1 1.0e1 1.0e1
4.183149e0 5.098894e-1 1.0e1 1.0e1
4.387219e0 5.098894e-1 1.0e1 1.0e1
4.5912889e0 5.098894e-1 1.0e1 1.0e1
4.7953589e0 5.098894e-1 1.0e1 1.0e1
4.9994289e0 5.098894e-1 1.0e1 1.0e1

-5.0e0 7.139594e-1 1.0e1 1.0e1
-4.79593e0 7.139594e-1 1.0e1 1.0e1
-4.59186e0 7.139594e-1 1.0e1 1.0e1
-4.38779e0 7.139594e-1 1.0e1 1.0e1
-4.1837201e0 7.139594e-1 1.0e1 1.0e1
-3.9796501e0 7.139594e-1 1.0e1 1.0e1
-3.7755801e0 7.139594e-1 1.0e1 1.0e1
-3.5715102e0 7.139594e-1 1.0e1 1.0e1
-3.3674402e0 7.139594e-1 1.0e1 1.0e1
-3.1633702e0 7.139594e-1 1.0e1 1.0e1
-2.9593002e0 7.139594e-1 9.267195e0 9.267195e0
-2.7552303e0 7.139594e-1 8.1010344e0 8.1010344e0
-2.5511603e0 7.139594e-1 7.0181532e0 7.0181532e0
-2.3470903e0 7.139594e-1 6.0185698e0 6.0185698e0
-2.1430203e0 7.139594e-1 5.102275e0 5.102275e0
-1.9389503e0 7.139594e-1 4.269264e0 4.269264e0
-1.7348804e0 7.139594e-1 3.5195464e0 3.5195464e0
-1.5308104e0 7.139594e-1 2.8531187e0 2.8531187e0
-1.3267404e0 7.139594e-1 2.2699797e0 2.2699797e0
-1.1226704e0 7.139594e-1 1.7701262e0 1.7701262e0
-9.186005e-1 7.139594e-1 1.35356476e0 1.35356476e0
-7.145305e-1 7.139594e-1 1.02029175e0 1.02029175e0
-5.104605e-1 7.139594e-1 7.7030792e-1 7.7030792e-1
-3.063905e-1 7.139594e-1 6.0361316e-1 6.0361316e-1
-1.023206e-1 7.139594e-1 5.202075e-1 5.202075e-1
1.017494e-1 7.139594e-1 5.2009094e-1 5.2009094e-1
3.058194e-1 7.139594e-1 6.032635e-1 6.032635e-1
5.098894e-1 7.139594e-1 7.6972519e-1 7.6972519e-1
7.139594e-1 7.139594e-1 1.01947601e0 1.01947601e0
9.180293e-1 7.139594e-1 1.35251587e0 1.35251587e0
1.1220993e0 7.139594e-1 1.7688445e0 1.7688445e0
1.3261693e0 7.139594e-1 2.2684615e0 2.2684615e0
1.5302393e0 7.139594e-1 2.8513716e0 2.8513716e0
1.7343092e0 7.139594e-1 3.5175673e0 3.5175673e0
1.9383792e0 7.139594e-1 4.2670515e0 4.2670515e0
2.1424492e0 7.139594e-1 5.099829e0 5.099829e0
2.3465192e0 7.139594e-1 6.0158919e0 6.0158919e0
2.5505891e0 7.139594e-1 7.0152419e0 7.0152419e0
2.7546591e0 7.139594e-1 8.097882e0 8.097882e0
2.9587291e0 7.139594e-1 9.2638182e0 9.2638182e0
3.162799e0 7.139594e-1 1.0e1 1.0e1
3.366869e0 7.139594e-1 1.0e1 1.0e1
3.570939e0 7.139594e-1 1.0e1 1.0e1
3.775009e0 7.139594e-1 1.0e1 1.0e1
3.979079e0 7.139594e-1 1.0e1 1.0e1
4.183149e0 7.139594e-1 1.0e1 1.0e1
4.387219e0 7.139594e-1 1.0e1 1.0e1
4.5912889e0 7.139594e-1 1.0e1 1.0e1
4.7953589e0 7.139594e-1 1.0e1 1.0e1
4.9994289e0 7.139594e-1 1.0e1 1.0e1

-5.0e0 9.180293e-1 1.0e1 1.0e1
-4.79593e0 9.180293e-1 1.0e1 1.0e1
-4.59186e0 9.180293e-1 1.0e1 1.0e1
-4.38779e0 9.180293e-1 1.0e1 1.0e1
-4.1837201e0 9.180293e-1 1.0e1 1.0e1
-3.9796501e0 9.180293e-1 1.0e1 1.0e1
-3.7755801e0 9.180293e-1 1.0e1 1.0e1
-3.5715102e0 9.180293e-1 1.0e1 1.0e1
-3.3674402e0 9.180293e-1 1.0e1 1.0e1
-3.1633702e0 9.180293e-1 1.0e1 1.0e1
-2.9593002e0 9.180293e-1 9.6002348e0 9.6002348e0
-2.7552303e0 9.180293e-1 8.4340742e0 8.4340742e0
-2.5511603e0 9.180293e-1 7.3511931e0 7.3511931e0
-2.3470903e0 9.180293e-1 6.3516096e0 6.3516096e0
-2.1430203e0 9.180293e-1 5.4353148e0 5.4353148e0
-1.9389503e0 9.180293e-1 4.602304e0 4.602304e0
-1.7348804e0 9.180293e-1 3.8525862e0 3.8525862e0
-1.5308104e0 9.180293e-1 3.1861586e0 3.1861586e0
-1.3267404e0 9.180293e-1 2.6030196e0 2.6030196e0
-1.1226704e0 9.180293e-1 2.103166e0 2.103166e0
-9.186005e-1 9.180293e-1 1.68660461e0 1.68660461e0
-7.145305e-1 9.180293e-1 1.3533316e0 1.3533316e0
-5.104605e-1 9.180293e-1 1.10334778e0 1.10334778e0
-3.063905e-1 9.180293e-1 9.3665302e-1 9.3665302e-1
-1.023206e-1 9.180293e-1 8.5324736e-1 8.5324736e-1
1.017494e-1 9.180293e-1 8.531308e-1 8.531308e-1
3.058194e-1 9.180293e-1 9.3630336e-1 9.3630336e-1
5.098894e-1 9.180293e-1 1.10276505e0 1.10276505e0
7.139594e-1 9.180293e-1 1.35251587e0 1.35251587e0
9.180293e-1 9.180293e-1 1.68555573e0 1.68555573e0
1.1220993e0 9.180293e-1 2.1018843e0 2.1018843e0
1.3261693e0 9.180293e-1 2.6015013e0 2.6015013e0
1.5302393e0 9.180293e-1 3.1844115e0 3.1844115e0
1.7343092e0 9.180293e-1 3.8506071e0 3.8506071e0
1.9383792e0 9.180293e-1 4.6000914e0 4.6000914e0
2.1424492e0 9.180293e-1 5.4328688e0 5.4328688e0
2.3465192e0 9.180293e-1 6.3489317e0 6.3489317e0
2.5505891e0 9.180293e-1 7.3482817e0 7.3482817e0
2.7546591e0 9.180293e-1 8.4309218e0 8.4309218e0
2.9587291e0 9.180293e-1 9.596858e0 9.596858e0
3.162799e0 9.180293e-1 1.0e1 1.0e1
3.366869e0 9.180293e-1 1.0e1 1.0e1
3.570939e0 9.180293e-1 1.0e1 1.0e1
3.775009e0 9.180293e-1 1.0e1 1.0e1
3.979079e0 9.180293e-1 1.0e1 1.0e1
4.183149e0 9.180293e-1 1.0e1 1.0e1
4.387219e0 9.180293e-1 1.0e1 1.0e1
4.5912889e0 9.180293e-1 1.0e1 1.0e1
4.7953589e0 9.180293e-1 1.0e1 1.0e1
4.9994289e0 9.180293e-1 1.0e1 1.0e1

-5.0e0 1.1220993e0 1.0e1 1.0e1
-4.79593e0 1.1220993e0 1.0e1 1.0e1
-4.59186e0 1.1220993e0 1.0e1 1.0e1
-4.38779e0 1.1220993e0 1.0e1 1.0e1
-4.1837201e0 1.1220993e0 1.0e1 1.0e1
-3.9796501e0 1.1220993e0 1.0e1 1.0e1
-3.7755801e0 1.1220993e0 1.0e1 1.0e1
-3.5715102e0 1.1220993e0 1.0e1 1.0e1
-3.3674402e0 1.1220993e0 1.0e1 1.0e1
-3.1633702e0 1.1220993e0 1.0e1 1.0e1
-2.9593002e0 1.1220993e0 1.0e1 1.0e1
-2.7552303e0 1.1220993e0 8.8504028e0 8.8504028e0
-2.5511603e0 1.1220993e0 7.7675217e0 7.7675217e0
-2.3470903e0 1.1220993e0 6.7679382e0 6.7679382e0
-2.1430203e0 1.1220993e0 5.8516434e0 5.8516434e0
-1.9389503e0 1.1220993e0 5.0186325e0 5.0186325e0
-1.7348804e0 1.1220993e0 4.2689148e0 4.2689148e0
-1.5308104e0 1.1220993e0 3.6024872e0 3.6024872e0
-1.3267404e0 1.1220993e0 3.0193481e0 3.0193481e0
-1.1226704e0 1.1220993e0 2.5194946e0 2.5194946e0
-9.186005e-1 1.1220993e0 2.1029332e0 2.1029332e0
-7.145305e-1 1.1220993e0 1.7696602e0 1.7696602e0
-5.104605e-1 1.1220993e0 1.5196764e0 1.5196764e0
-3.063905e-1 1.1220993e0 1.3529816e0 1.3529816e0
-1.023206e-1 1.1220993e0 1.2695758e0 1.2695758e0
1.017494e-1 1.1220993e0 1.2694594e0 1.2694594e0
3.058194e-1 1.1220993e0 1.3526318e0 1.3526318e0
5.098894e-1 1.1220993e0 1.5190936e0 1.5190936e0
7.139594e-1 1.1220993e0 1.7688445e0 1.7688445e0
9.180293e-1 1.1220993e0 2.1018843e0 2.1018843e0
1.1220993e0 1.1220993e0 2.5182129e0 2.5182129e0
1.3261693e0 1.1220993e0 3.0178299e0 3.0178299e0
1.5302393e0 1.1220993e0 3.60074e0 3.60074e0
1.7343092e0 1.1220993e0 4.2669357e0 4.2669357e0
1.9383792e0 1.1220993e0 5.01642e0 5.01642e0
2.1424492e0 1.1220993e0 5.8491974e0 5.8491974e0
2.3465192e0 1.1220993e0 6.7652603e0 6.7652603e0
2.5505891e0 1.1220993e0 7.7646103e0 7.7646103e0
2.7546591e0 1.1220993e0 8.8472504e0 8.8472504e0
2.9587291e0 1.1220993e0 1.0e1 1.0e1
3.162799e0 1.1220993e0 1.0e1 1.0e1
3.366869e0 1.1220993e0 1.0e1 1.0e1
3.570939e0 1.1220993e0 1.0e1 1.0e1
3.775009e0 1.1220993e0 1.0e1 1.0e1
3.979079e0 1.1220993e0 1.0e1 1.0e1
4.183149e0 1.1220993e0 1.0e1 1.0e1
4.387219e0 1.1220993e0 1.0e1 1.0e1
4.5912889e0 1.1220993e0 1.0e1 1.0e1
4.7953589e0 1.1220993e0 1.0e1 1.0e1
4.9994289e0 1.1220993e0 1.0e1 1.0e1

-5.0e0 1.3261693e0 1.0e1 1.0e1
-4.79593e0 1.3261693e0 1.0e1 1.0e1
-4.59186e0 1.3261693e0 1.0e1 1.0e1
-4.38779e0 1.3261693e0 1.0e1 1.0e1
-4.1837201e0 1.3261693e0 1.0e1 1.0e1
-3.9796501e0 1.3261693e0 1.0e1 1.0e1
-3.7755801e0 1.3261693e0 1.0e1 1.0e1
-3.5715102e0 1.3261693e0 1.0e1 1.0e1
-3.3674402e0 1.3261693e0 1.0e1 1.0e1
-3.1633702e0 1.3261693e0 1.0e1 1.0e1
-2.9593002e0 1.3261693e0 1.0e1 1.0e1
-2.7552303e0 1.3261693e0 9.3500198e0 9.3500198e0
-2.5511603e0 1.3261693e0 8.2671387e0 8.2671387e0
-2.3470903e0 1.3261693e0 7.2675552e0 7.2675552e0
-2.1430203e0 1.3261693e0 6.3512604e0 6.3512604e0
-1.9389503e0 1.3261693e0 5.5182495e0 5.5182495e0
-1.7348804e0 1.3261693e0 4.7685318e0 4.7685318e0
-1.5308104e0 1.3261693e0 4.1021042e0 4.1021042e0
-1.3267404e0 1.3261693e0 3.5189651e0 3.5189651e0
-1.1226704e0 1.3261693e0 3.0191116e0 3.0191116e0
-9.186005e-1 1.3261693e0 2.6025502e0 2.6025502e0
-7.145305e-1 1.3261693e0 2.2692772e0 2.2692772e0
-5.104605e-1 1.3261693e0 2.0192934e0 2.0192934e0
-3.063905e-1 1.3261693e0 1.8525986e0 1.8525986e0
-1.023206e-1 1.3261693e0 1.7691928e0 1.7691928e0
1.017494e-1 1.3261693e0 1.7690764e0 1.7690764e0
3.058194e-1 1.3261693e0 1.8522488e0 1.8522488e0
5.098894e-1 1.3261693e0 2.0187106e0 2.0187106e0
7.139594e-1 1.3261693e0 2.2684615e0 2.2684615e0
9.180293e-1 1.3261693e0 2.6015013e0 2.6015013e0
1.1220993e0 1.3261693e0 3.0178299e0 3.0178299e0
1.3261693e0 1.3261693e0 3.5174469e0 3.5174469e0
1.5302393e0 1.3261693e0 4.100357e0 4.100357e0
1.7343092e0 1.3261693e0 4.7665527e0 4.7665527e0
1.9383792e0 1.3261693e0 5.516037e0 5.516037e0
2.1424492e0 1.3261693e0 6.3488144e0 6.3488144e0
2.3465192e0 1.3261693e0 7.2648773e0 7.2648773e0
2.5505891e0 1.3261693e0 8.2642273e0 8.2642273e0
2.7546591e0 1.3261693e0 9.3468674e0 9.3468674e0
2.9587291e0 1.3261693e0 1.0e1 1.0e1
3.162799e0 1.3261693e0 1.0e1 1.0e1
3.366869e0 1.3261693e0 1.0e1 1.0e1
3.570939e0 1.3261693e0 1.0e1 1.0e1
3.775009e0 1.3261693e0 1.0e1 1.0e1
3.979079e0 1.3261693e0 1.0e1 1.0e1
4.183149e0 1.3261693e0 1.0e1 1.0e1
4.387219e0 1.3261693e0 1.0e1 1.0e1
4.5912889e0 1.3261693e0 1.0e1 1.0e1
4.7953589e0 1.3261693e0 1.0e1 1.0e1
4.9994289e0 1.3261693e0 1.0e1 1.0e1

-5.0e0 1.5302393e0 1.0e1 1.0e1
-4.79593e0 1.5302393e0 1.0e1 1.0e1
-4.59186e0 1.5302393e0 1.0e1 1.0e1
-4.38779e0 1.5302393e0 1.0e1 1.0e1
-4.1837201e0 1.5302393e0 1.0e1 1.0e1
-3.9796501e0 1.5302393e0 1.0e1 1.0e1
-3.7755801e0 1.5302393e0 1.0e1 1.0e1
-3.5715102e0 1.5302393e0 1.0e1 1.0e1
-3.3674402e0 1.5302393e0 1.0e1 1.0e1
-3.1633702e0 1.5302393e0 1.0e1 1.0e1
-2.9593002e0 1.5302393e0 1.0e1 1.0e1
-2.7552303e0 1.5302393e0 9.93293e0 9.93293e0
-2.5511603e0 1.5302393e0 8.8500488e0 8.8500488e0
-2.3470903e0 1.5302393e0 7.8504654e0 7.8504654e0
-2.1430203e0 1.5302393e0 6.9341705e0 6.9341705e0
-1.9389503e0 1.5302393e0 6.1011597e0 6.1011597e0
-1.7348804e0 1.5302393e0 5.351442e0 5.351442e0
-1.5308104e0 1.5302393e0 4.6850143e0 4.6850143e0
-1.3267404e0 1.5302393e0 4.1018753e0 4.1018753e0
-1.1226704e0 1.5302393e0 3.6020218e0 3.6020218e0
-9.186005e-1 1.5302393e0 3.1854604e0 3.1854604e0
-7.145305e-1 1.5302393e0 2.8521873e0 2.8521873e0
-5.104605e-1 1.5302393e0 2.6022035e0 2.6022035e0
-3.063905e-1 1.5302393e0 2.4355087e0 2.4355087e0
-1.023206e-1 1.5302393e0 2.352103e0 2.352103e0
1.017494e-1 1.5302393e0 2.3519865e0 2.3519865e0
3.058194e-1 1.5302393e0 2.435159e0 2.435159e0
5.098894e-1 1.5302393e0 2.6016208e0 2.6016208e0
7.139594e-1 1.5302393e0 2.8513716e0 2.8513716e0
9.180293e-1 1.5302393e0 3.1844115e0 3.1844115e0
1.1220993e0 1.5302393e0 3.60074e0 3.60074e0
1.3261693e0 1.5302393e0 4.100357e0 4.100357e0
1.5302393e0 1.5302393e0 4.6832672e0 4.6832672e0
1.7343092e0 1.5302393e0 5.3494629e0 5.3494629e0
1.9383792e0 1.5302393e0 6.0989471e0 6.0989471e0
2.1424492e0 1.5302393e0 6.9317245e0 6.9317245e0
2.3465192e0 1.5302393e0 7.8477875e0 7.8477875e0
2.5505891e0 1.5302393e0 8.8471375e0 8.8471375e0
2.7546591e0 1.5302393e0 9.9297775e0 9.9297775e0
2.9587291e0 1.5302393e0 1.0e1 1.0e1
3.162799e0 1.5302393e0 1.0e1 1.0e1
3.366869e0 1.5302393e0 1.0e1 1.0e1
3.570939e0 1.5302393e0 1.0e1 1.0e1
3.775009e0 1.5302393e0 1.0e1 1.0e1
3.979079e0 1.5302393e0 1.0e1 1.0e1
4.183149e0 1.5302393e0 1.0e1 1.0e1
4.387219e0 1.5302393e0 1.0e1 1.0e1
4.5912889e0 1.5302393e0 1.0e1 1.0e1
4.7953589e0 1.5302393e0 1.0e1 1.0e1
4.9994289e0 1.5302393e0 1.0e1 1.0e1

-5.0e0 1.7343092e0 1.0e1 1.0e1
-4.79593e0 1.7343092e0 1.0e1 1.0e1
-4.59186e0 1.7343092e0 1.0e1 1.0e1
-4.38779e0 1.7343092e0 1.0e1 1.0e1
-4.1837201e0 1.7343092e0 1.0e1 1.0e1
-3.9796501e0 1.7343092e0 1.0e1 1.0e1
-3.7755801e0 1.7343092e0 1.0e1 1.0e1
-3.5715102e0 1.7343092e0 1.0e1 1.0e1
-3.3674402e0 1.7343092e0 1.0e1 1.0e1
-3.1633702e0 1.7343092e0 1.0e1 1.0e1
-2.9593002e0 1.7343092e0 1.0e1 1.0e1
-2.7552303e0 1.7343092e0 1.0e1 1.0e1
-2.5511603e0 1.7343092e0 9.5162445e0 9.5162445e0
-2.3470903e0 1.7343092e0 8.516661e0 8.516661e0
-2.1430203e0 1.7343092e0 7.6003662e0 7.6003662e0
-1.9389503e0 1.7343092e0 6.7673553e0 6.7673553e0
-1.7348804e0 1.7343092e0 6.0176376e0 6.0176376e0
-1.5308104e0 1.7343092e0 5.35121e0 5.35121e0
-1.3267404e0 1.7343092e0 4.768071e0 4.768071e0
-1.1226704e0 1.7343092e0 4.2682175e0 4.2682175e0
-9.186005e-1 1.7343092e0 3.851656e0 3.851656e0
-7.145305e-1 1.7343092e0 3.518383e0 3.518383e0
-5.104605e-1 1.7343092e0 3.2683992e0 3.2683992e0
-3.063905e-1 1.7343092e0 3.1017044e0 3.1017044e0
-1.023206e-1 1.7343092e0 3.0182986e0 3.0182986e0
1.017494e-1 1.7343092e0 3.0181822e0 3.0181822e0
3.058194e-1 1.7343092e0 3.1013547e0 3.1013547e0
5.098894e-1 1.7343092e0 3.2678165e0 3.2678165e0
7.139594e-1 1.7343092e0 3.5175673e0 3.5175673e0
9.180293e-1 1.7343092e0 3.8506071e0 3.8506071e0
1.1220993e0 1.7343092e0 4.2669357e0 4.2669357e0
1.3261693e0 1.7343092e0 4.7665527e0 4.7665527e0
1.5302393e0 1.7343092e0 5.3494629e0 5.3494629e0
1.7343092e0 1.7343092e0 6.0156586e0 6.0156586e0
1.9383792e0 1.7343092e0 6.7651428e0 6.7651428e0
2.1424492e0 1.7343092e0 7.5979202e0 7.5979202e0
2.3465192e0 1.7343092e0 8.5139832e0 8.5139832e0
2.5505891e0 1.7343092e0 9.5133331e0 9.5133331e0
2.7546591e0 1.7343092e0 1.0e1 1.0e1
2.9587291e0 1.7343092e0 1.0e1 1.0e1
3.162799e0 1.7343092e0 1.0e1 1.0e1
3.366869e0 1.7343092e0 1.0e1 1.0e1
3.570939e0 1.7343092e0 1.0e1 1.0e1
3.775009e0 1.7343092e0 1.0e1 1.0e1
3.979079e0 1.7343092e0 1.0e1 1.0e1
4.183149e0 1.7343092e0 1.0e1 1.0e1
4.387219e0 1.7343092e0 1.0e1 1.0e1
4.5912889e0 1.7343092e0 1.0e1 1.0e1
4.7953589e0 1.7343092e0 1.0e1 1.0e1
4.9994289e0 1.7343092e0 1.0e1 1.0e1

-5.0e0 1.9383792e0 1.0e1 1.0e1
-4.79593e0 1.9383792e0 1.0e1 1.0e1
-4.59186e0 1.9383792e0 1.0e1 1.0e1
-4.38779e0 1.9383792e0 1.0e1 1.0e1
-4.1837201e0 1.9383792e0 1.0e1 1.0e1
-3.9796501e0 1.9383792e0 1.0e1 1.0e1
-3.7755801e0 1.9383792e0 1.0e1 1.0e1
-3.5715102e0 1.9383792e0 1.0e1 1.0e1
-3.3674402e0 1.9383792e0 1.0e1 1.0e1
-3.1633702e0 1.9383792e0 1.0e1 1.0e1
-2.9593002e0 1.9383792e0 1.0e1 1.0e1
-2.7552303e0 1.9383792e0 1.0e1 1.0e1
-2.5511603e0 1.9383792e0 1.0e1 1.0e1
-2.3470903e0 1.9383792e0 9.2661453e0 9.2661453e0
-2.1430203e0 1.9383792e0 8.3498505e0 8.3498505e0
-1.9389503e0 1.9383792e0 7.5168396e0 7.5168396e0
-1.7348804e0 1.9383792e0 6.7671219e0 6.7671219e0
-1.5308104e0 1.9383792e0 6.1006943e0 6.1006943e0
-1.3267404e0 1.9383792e0 5.5175552e0 5.5175552e0
-1.1226704e0 1.9383792e0 5.0177017e0 5.0177017e0
-9.186005e-1 1.9383792e0 4.6011403e0 4.6011403e0
-7.145305e-1 1.9383792e0 4.2678673e0 4.2678673e0
-5.104605e-1 1.9383792e0 4.0178835e0 4.0178835e0
-3.063905e-1 1.9383792e0 3.8511887e0 3.8511887e0
-1.023206e-1 1.9383792e0 3.7677829e0 3.7677829e0
1.017494e-1 1.9383792e0 3.7676665e0 3.7676665e0
3.058194e-1 1.9383792e0 3.850839e0 3.850839e0
5.098894e-1 1.9383792e0 4.0173007e0 4.0173007e0
7.139594e-1 1.9383792e0 4.2670515e0 4.2670515e0
9.180293e-1 1.9383792e0 4.6000914e0 4.6000914e0
1.1220993e0 1.9383792e0 5.01642e0 5.01642e0
1.3261693e0 1.9383792e0 5.516037e0 5.516037e0
1.5302393e0 1.9383792e0 6.0989471e0 6.0989471e0
1.7343092e0 1.9383792e0 6.7651428e0 6.7651428e0
1.9383792e0 1.9383792e0 7.514627e0 7.514627e0
2.1424492e0 1.9383792e0 8.3474045e0 8.3474045e0
2.3465192e0 1.9383792e0 9.2634674e0 9.2634674e0
2.5505891e0 1.9383792e0 1.0e1 1.0e1
2.7546591e0 1.9383792e0 1.0e1 1.0e1
2.9587291e0 1.9383792e0 1.0e1 1.0e1
3.162799e0 1.9383792e0 1.0e1 1.0e1
3.366869e0 1.9383792e0 1.0e1 1.0e1
3.570939e0 1.9383792e0 1.0e1 1.0e1
3.775009e0 1.9383792e0 1.0e1 1.0e1
3.979079e0 1.9383792e0 1.0e1 1.0e1
4.183149e0 1.9383792e0 1.0e1 1.0e1
4.387219e0 1.9383792e0 1.0e1 1.0e1
4.5912889e0 1.9383792e0 1.0e1 1.0e1
4.7953589e0 1.9383792e0 1.0e1 1.0e1
4.9994289e0 1.9383792e0 1.0e1 1.0e1

-5.0e0 2.1424492e0 1.0e1 1.0e1
-4.79593e0 2.1424492e0 1.0e1 1.0e1
-4.59186e0 2.1424492e0 1.0e1 1.0e1
-4.38779e0 2.1424492e0 1.0e1 1.0e1
-4.1837201e0 2.1424492e0 1.0e1 1.0e1
-3.9796501e0 2.1424492e0 1.0e1 1.0e1
-3.7755801e0 2.1424492e0 1.0e1 1.0e1
-3.5715102e0 2.1424492e0 1.0e1 1.0e1
-3.3674402e0 2.1424492e0 1.0e1 1.0e1
-3.1633702e0 2.1424492e0 1.0e1 1.0e1
-2.9593002e0 2.1424492e0 1.0e1 1.0e1
-2.7552303e0 2.1424492e0 1.0e1 1.0e1
-2.5511603e0 2.1424492e0 1.0e1 1.0e1
-2.3470903e0 2.1424492e0 1.0e1 1.0e1
-2.1430203e0 2.1424492e0 9.1826279e0 9.1826279e0
-1.9389503e0 2.1424492e0 8.349617e0 8.349617e0
-1.7348804e0 2.1424492e0 7.5998993e0 7.5998993e0
-1.5308104e0 2.1424492e0 6.9334717e0 6.9334717e0
-1.3267404e0 2.1424492e0 6.3503326e0 6.3503326e0
-1.1226704e0 2.1424492e0 5.8504791e0 5.8504791e0
-9.186005e-1 2.1424492e0 5.4339177e0 5.4339177e0
-7.145305e-1 2.1424492e0 5.1006447e0 5.1006447e0
-5.104605e-1 2.1424492e0 4.8506609e0 4.8506609e0
-3.063905e-1 2.1424492e0 4.683966e0 4.683966e0
-1.023206e-1 2.1424492e0 4.6005603e0 4.6005603e0
1.017494e-1 2.1424492e0 4.6004439e0 4.6004439e0
3.058194e-1 2.1424492e0 4.6836163e0 4.6836163e0
5.098894e-1 2.1424492e0 4.8500781e0 4.8500781e0
7.139594e-1 2.1424492e0 5.099829e0 5.099829e0
9.180293e-1 2.1424492e0 5.4328688e0 5.4328688e0
1.1220993e0 2.1424492e0 5.8491974e0 5.8491974e0
1.3261693e0 2.1424492e0 6.3488144e0 6.3488144e0
1.5302393e0 2.1424492e0 6.9317245e0 6.9317245e0
1.7343092e0 2.1424492e0 7.5979202e0 7.5979202e0
1.9383792e0 2.1424492e0 8.3474045e0 8.3474045e0
2.1424492e0 2.1424492e0 9.1801819e0 9.1801819e0
2.3465192e0 2.1424492e0 1.0e1 1.0e1
2.5505891e0 2.1424492e0 1.0e1 1.0e1
2.7546591e0 2.1424492e0 1.0e1 1.0e1
2.9587291e0 2.1424492e0 1.0e1 1.0e1
3.162799e0 2.1424492e0 1.0e1 1.0e1
3.366869e0 2.1424492e0 1.0e1 1.0e1
3.570939e0 2.1424492e0 1.0e1 1.0e1
3.775009e0 2.1424492e0 1.0e1 1.0e1
3.979079e0 2.1424492e0 1.0e1 1.0e1
4.183149e0 2.1424492e0 1.0e1 1.0e1
4.387219e0 2.1424492e0 1.0e1 1.0e1
4.5912889e0 2.1424492e0 1.0e1 1.0e1
4.7953589e0 2.1424492e0 1.0e1 1.0e1
4.9994289e0 2.1424492e0 1.0e1 1.0e1

-5.0e0 2.3465192e0 1.0e1 1.0e1
-4.79593e0 2.3465192e0 1.0e1 1.0e1
-4.59186e0 2.3465192e0 1.0e1 1.0e1
-4.38779e0 2.3465192e0 1.0e1 1.0e1
-4.1837201e0 2.3465192e0 1.0e1 1.0e1
-3.9796501e0 2.3465192e0 1.0e1 1.0e1
-3.7755801e0 2.3465192e0 1.0e1 1.0e1
-3.5715102e0 2.3465192e0 1.0e1 1.0e1
-3.3674402e0 2.3465192e0 1.0e1 1.0e1
-3.1633702e0 2.3465192e0 1.0e1 1.0e1
-2.9593002e0 2.3465192e0 1.0e1 1.0e1
-2.7552303e0 2.3465192e0 1.0e1 1.0e1
-2.5511603e0 2.3465192e0 1.0e1 1.0e1
-2.3470903e0 2.3465192e0 1.0e1 1.0e1
-2.1430203e0 2.3465192e0 1.0e1 1.0e1
-1.9389503e0 2.3465192e0 9.26568e0 9.26568e0
-1.7348804e0 2.3465192e0 8.5159622e0 8.5159622e0
-1.5308104e0 2.3465192e0 7.8495346e0 7.8495346e0
-1.3267404e0 2.3465192e0 7.2663956e0 7.2663956e0
-1.1226704e0 2.3465192e0 6.766542e0 6.766542e0
-9.186005e-1 2.3465192e0 6.3499806e0 6.3499806e0
-7.145305e-1 2.3465192e0 6.0167076e0 6.0167076e0
-5.104605e-1 2.3465192e0 5.7667238e0 5.7667238e0
-3.063905e-1 2.3465192e0 5.600029e0 5.600029e0
-1.023206e-1 2.3465192e0 5.5166232e0 5.5166232e0
1.017494e-1 2.3465192e0 5.5165068e0 5.5165068e0
3.058194e-1 2.3465192e0 5.5996793e0 5.5996793e0
5.098894e-1 2.3465192e0 5.766141e0 5.766141e0
7.139594e-1 2.3465192e0 6.0158919e0 6.0158919e0
9.180293e-1 2.3465192e0 6.3489317e0 6.3489317e0
1.1220993e0 2.3465192e0 6.7652603e0 6.7652603e0
1.3261693e0 2.3465192e0 7.2648773e0 7.2648773e0
1.5302393e0 2.3465192e0 7.8477875e0 7.8477875e0
1.7343092e0 2.3465192e0 8.5139832e0 8.5139832e0
1.9383792e0 2.3465192e0 9.2634674e0 9.2634674e0
2.1424492e0 2.3465192e0 1.0e1 1.0e1
2.3465192e0 2.3465192e0 1.0e1 1.0e1
2.5505891e0 2.3465192e0 1.0e1 1.0e1
2.7546591e0 2.3465192e0 1.0e1 1.0e1
2.9587291e0 2.3465192e0 1.0e1 1.0e1
3.162799e0 2.3465192e0 1.0e1 1.0e1
3.366869e0 2.3465192e0 1.0e1 1.0e1
3.570939e0 2.3465192e0 1.0e1 1.0e1
3.775009e0 2.3465192e0 1.0e1 1.0e1
3.979079e0 2.3465192e0 1.0e1 1.0e1
4.183149e0 2.3465192e0 1.0e1 1.0e1
4.387219e0 2.3465192e0 1.0e1 1.0e1
4.5912889e0 2.3465192e0 1.0e1 1.0e1
4.7953589e0 2.3465192e0 1.0e1 1.0e1
4.9994289e0 2.3465192e0 1.0e1 1.0e1

-5.0e0 2.5505891e0 1.0e1 1.0e1
-4.79593e0 2.5505891e0 1.0e1 1.0e1
-4.59186e0 2.5505891e0 1.0e1 1.0e1
-4.38779e0 2.5505891e0 1.0e1 1.0e1
-4.1837201e0 2.5505891e0 1.0e1 1.0e1
-3.9796501e0 2.5505891e0 1.0e1 1.0e1
-3.7755801e0 2.5505891e0 1.0e1 1.0e1
-3.5715102e0 2.5505891e0 1.0e1 1.0e1
-3.3674402e0 2.5505891e0 1.0e1 1.0e1
-3.1633702e0 2.5505891e0 1.0e1 1.0e1
-2.9593002e0 2.5505891e0 1.0e1 1.0e1
-2.7552303e0 2.5505891e0 1.0e1 1.0e1
-2.5511603e0 2.5505891e0 1.0e1 1.0e1
-2.3470903e0 2.5505891e0 1.0e1 1.0e1
-2.1430203e0 2.5505891e0 1.0e1 1.0e1
-1.9389503e0 2.5505891e0 1.0e1 1.0e1
-1.7348804e0 2.5505891e0 9.5153122e0 9.5153122e0
-1.5308104e0 2.5505891e0 8.8488846e0 8.8488846e0
-1.3267404e0 2.5505891e0 8.2657455e0 8.2657455e0
-1.1226704e0 2.5505891e0 7.765892e0 7.765892e0
-9.186005e-1 2.5505891e0 7.3493306e0 7.3493306e0
-7.145305e-1 2.5505891e0 7.0160576e0 7.0160576e0
-5.104605e-1 2.5505891e0 6.7660738e0 6.7660738e0
-3.063905e-1 2.5505891e0 6.599379e0 6.599379e0
-1.023206e-1 2.5505891e0 6.5159732e0 6.5159732e0
1.017494e-1 2.5505891e0 6.5158568e0 6.5158568e0
3.058194e-1 2.5505891e0 6.5990292e0 6.5990292e0
5.098894e-1 2.5505891e0 6.765491e0 6.765491e0
7.139594e-1 2.5505891e0 7.0152419e0 7.0152419e0
9.180293e-1 2.5505891e0 7.3482817e0 7.3482817e0
1.1220993e0 2.5505891e0 7.7646103e0 7.7646103e0
1.3261693e0 2.5505891e0 8.2642273e0 8.2642273e0
1.5302393e0 2.5505891e0 8.8471375e0 8.8471375e0
1.7343092e0 2.5505891e0 9.5133331e0 9.5133331e0
1.9383792e0 2.5505891e0 1.0e1 1.0e1
2.1424492e0 2.5505891e0 1.0e1 1.0e1
2.3465192e0 2.5505891e0 1.0e1 1.0e1
2.5505891e0 2.5505891e0 1.0e1 1.0e1
2.7546591e0 2.5505891e0 1.0e1 1.0e1
2.9587291e0 2.5505891e0 1.0e1 1.0e1
3.162799e0 2.5505891e0 1.0e1 1.0e1
3.366869e0 2.5505891e0 1.0e1 1.0e1
3.570939e0 2.5505891e0 1.0e1 1.0e1
3.775009e0 2.5505891e0 1.0e1 1.0e1
3.979079e0 2.5505891e0 1.0e1 1.0e1
4.183149e0 2.5505891e0 1.0e1 1.0e1
4.387219e0 2.5505891e0 1.0e1 1.0e1
4.5912889e0 2.5505891e0 1.0e1 1.0e1
4.7953589e0 2.5505891e0 1.0e1 1.0e1
4.9994289e0 2.5505891e0 1.0e1 1.0e1

-5.0e0 2.7546591e0 1.0e1 1.0e1
-4.79593e0 2.7546591e0 1.0e1 1.0e1
-4.59186e0 2.7546591e0 1.0e1 1.0e1
-4.38779e0 2.7546591e0 1.0e1 1.0e1
-4.1837201e0 2.7546591e0 1.0e1 1.0e1
-3.9796501e0 2.7546591e0 1.0e1 1.0e1
-3.7755801e0 2.7546591e0 1.0e1 1.0e1
-3.5715102e0 2.7546591e0 1.0e1 1.0e1
-3.3674402e0 2.7546591e0 1.0e1 1.0e1
-3.1633702e0 2.7546591e0 1.0e1 1.0e1
-2.9593002e0 2.7546591e0 1.0e1 1.0e1
-2.7552303e0 2.7546591e0 1.0e1 1.0e1
-2.5511603e0 2.7546591e0 1.0e1 1.0e1
-2.3470903e0 2.7546591e0 1.0e1 1.0e1
-2.1430203e0 2.7546591e0 1.0e1 1.0e1
-1.9389503e0 2.7546591e0 1.0e1 1.0e1
-1.7348804e0 2.7546591e0 1.0e1 1.0e1
-1.5308104e0 2.7546591e0 9.9315247e0 9.9315247e0
-1.3267404e0 2.7546591e0 9.3483856e0 9.3483856e0
-1.1226704e0 2.7546591e0 8.8485321e0 8.8485321e0
-9.186005e-1 2.7546591e0 8.4319707e0 8.4319707e0
-7.145305e-1 2.7546591e0 8.0986977e0 8.0986977e0
-5.104605e-1 2.7546591e0 7.8487138e0 7.8487138e0
-3.063905e-1 2.7546591e0 7.682019e0 7.682019e0
-1.023206e-1 2.7546591e0 7.5986133e0 7.5986133e0
1.017494e-1 2.7546591e0 7.5984969e0 7.5984969e0
3.058194e-1 2.7546591e0 7.6816693e0 7.6816693e0
5.098894e-1 2.7546591e0 7.8481311e0 7.8481311e0
7.139594e-1 2.7546591e0 8.097882e0 8.097882e0
9.180293e-1 2.7546591e0 8.4309218e0 8.4309218e0
1.1220993e0 2.7546591e0 8.8472504e0 8.8472504e0
1.3261693e0 2.7546591e0 9.3468674e0 9.3468674e0
1.5302393e0 2.7546591e0 9.9297775e0 9.9297775e0
1.7343092e0 2.7546591e0 1.0e1 1.0e1
1.9383792e0 2.7546591e0 1.0e1 1.0e1
2.1424492e0 2.7546591e0 1.0e1 1.0e1
2.3465192e0 2.7546591e0 1.0e1 1.0e1
2.5505891e0 2.7546591e0 1.0e1 1.0e1
2.7546591e0 2.7546591e0 1.0e1 1.0e1
2.9587291e0 2.7546591e0 1.0e1 1.0e1
3.162799e0 2.7546591e0 1.0e1 1.0e1
3.366869e0 2.7546591e0 1.0e1 1.0e1
3.570939e0 2.7546591e0 1.0e1 1.0e1
3.775009e0 2.7546591e0 1.0e1 1.0e1
3.979079e0 2.7546591e0 1.0e1 1.0e1
4.183149e0 2.7546591e0 1.0e1 1.0e1
4.387219e0 2.7546591e0 1.0e1 1.0e1
4.5912889e0 2.7546591e0 1.0e1 1.0e1
4.7953589e0 2.7546591e0 1.0e1 1.0e1
4.9994289e0 2.7546591e0 1.0e1 1.0e1

-5.0e0 2.9587291e0 1.0e1 1.0e1
-4.79593e0 2.9587291e0 1.0e1 1.0e1
-4.59186e0 2.9587291e0 1.0e1 1.0e1
-4.38779e0 2.9587291e0 1.0e1 1.0e1
-4.1837201e0 2.9587291e0 1.0e1 1.0e1
-3.9796501e0 2.9587291e0 1.0e1 1.0e1
-3.7755801e0 2.9587291e0 1.0e1 1.0e1
-3.5715102e0 2.9587291e0 1.0e1 1.0e1
-3.3674402e0 2.9587291e0 1.0e1 1.0e1
-3.1633702e0 2.9587291e0 1.0e1 1.0e1
-2.9593002e0 2.9587291e0 1.0e1 1.0e1
-2.7552303e0 2.9587291e0 1.0e1 1.0e1
-2.5511603e0 2.9587291e0 1.0e1 1.0e1
-2.3470903e0 2.9587291e0 1.0e1 1.0e1
-2.1430203e0 2.9587291e0 1.0e1 1.0e1
-1.9389503e0 2.9587291e0 1.0e1 1.0e1
-1.7348804e0 2.9587291e0 1.0e1 1.0e1
-1.5308104e0 2.9587291e0 1.0e1 1.0e1
-1.3267404e0 2.9587291e0 1.0e1 1.0e1
-1.1226704e0 2.9587291e0 1.0e1 1.0e1
-9.186005e-1 2.9587291e0 9.597907e0 9.597907e0
-7.145305e-1 2.9587291e0 9.264634e0 9.264634e0
-5.104605e-1 2.9587291e0 9.0146501e0 9.0146501e0
-3.063905e-1 2.9587291e0 8.8479553e0 8.8479553e0
-1.023206e-1 2.9587291e0 8.7645496e0 8.7645496e0
1.017494e-1 2.9587291e0 8.7644331e0 8.7644331e0
3.058194e-1 2.9587291e0 8.8476056e0 8.8476056e0
5.098894e-1 2.9587291e0 9.0140674e0 9.0140674e0
7.139594e-1 2.9587291e0 9.2638182e0 9.2638182e0
9.180293e-1 2.9587291e0 9.596858e0 9.596858e0
1.1220993e0 2.9587291e0 1.0e1 1.0e1
1.3261693e0 2.9587291e0 1.0e1 1.0e1
1.5302393e0 2.9587291e0 1.0e1 1.0e1
1.7343092e0 2.9587291e0 1.0e1 1.0e1
1.9383792e0 2.9587291e0 1.0e1 1.0e1
2.1424492e0 2.9587291e0 1.0e1 1.0e1
2.3465192e0 2.9587291e0 1.0e1 1.0e1
2.5505891e0 2.9587291e0 1.0e1 1.0e1
2.7546591e0 2.9587291e0 1.0e1 1.0e1
2.9587291e0 2.9587291e0 1.0e1 1.0e1
3.162799e0 2.9587291e0 1.0e1 1.0e1
3.366869e0 2.9587291e0 1.0e1 1.0e1
3.570939e0 2.9587291e0 1.0e1 1.0e1
3.775009e0 2.9587291e0 1.0e1 1.0e1
3.979079e0 2.9587291e0 1.0e1 1.0e1
4.183149e0 2.9587291e0 1.0e1 1.0e1
4.387219e0 2.9587291e0 1.0e1 1.0e1
4.5912889e0 2.9587291e0 1.0e1 1.0e1
4.7953589e0 2.9587291e0 1.0e1 1.0e1
4.9994289e0 2.9587291e0 1.0e1 1.0e1

-5.0e0 3.162799e0 1.0e1 1.0e1
-4.79593e0 3.162799e0 1.0e1 1.0e1
-4.59186e0 3.162799e0 1.0e1 1.0e1
-4.38779e0 3.162799e0 1.0e1 1.0e1
-4.1837201e0 3.162799e0 1.0e1 1.0e1
-3.9796501e0 3.162799e0 1.0e1 1.0e1
-3.7755801e0 3.162799e0 1.0e1 1.0e1
-3.5715102e0 3.162799e0 1.0e1 1.0e1
-3.3674402e0 3.162799e0 1.0e1 1.0e1
-3.1633702e0 3.162799e0 1.0e1 1.0e1
-2.9593002e0 3.162799e0 1.0e1 1.0e1
-2.7552303e0 3.162799e0 1.0e1 1.0e1
-2.5511603e0 3.162799e0 1.0e1 1.0e1
-2.3470903e0 3.162799e0 1.0e1 1.0e1
-2.1430203e0 3.162799e0 1.0e1 1.0e1
-1.9389503e0 3.162799e0 1.0e1 1.0e1
-1.7348804e0 3.162799e0 1.0e1 1.0e1
-1.5308104e0 3.162799e0 1.0e1 1.0e1
-1.3267404e0 3.162799e0 1.0e1 1.0e1
-1.1226704e0 3.162799e0 1.0e1 1.0e1
-9.186005e-1 3.162799e0 1.0e1 1.0e1
-7.145305e-1 3.162799e0 1.0e1 1.0e1
-5.104605e-1 3.162799e0 1.0e1 1.0e1
-3.063905e-1 3.162799e0 1.0e1 1.0e1
-1.023206e-1 3.162799e0 1.0e1 1.0e1
1.017494e-1 3.162799e0 1.0e1 1.0e1
3.058194e-1 3.162799e0 1.0e1 1.0e1
5.098894e-1 3.162799e0 1.0e1 1.0e1
7.139594e-1 3.162799e0 1.0e1 1.0e1
9.180293e-1 3.162799e0 1.0e1 1.0e1
1.1220993e0 3.162799e0 1.0e1 1.0e1
1.3261693e0 3.162799e0 1.0e1 1.0e1
1.5302393e0 3.162799e0 1.0e1 1.0e1
1.7343092e0 3.162799e0 1.0e1 1.0e1
1.9383792e0 3.162799e0 1.0e1 1.0e1
2.1424492e0 3.162799e0 1.0e1 1.0e1
2.3465192e0 3.162799e0 1.0e1 1.0e1
2.5505891e0 3.162799e0 1.0e1 1.0e1
2.7546591e0 3.162799e0 1.0e1 1.0e1
2.9587291e0 3.162799e0 1.0e1 1.0e1
3.162799e0 3.162799e0 1.0e1 1.0e1
3.366869e0 3.162799e0 1.0e1 1.0e1
3.570939e0 3.162799e0 1.0e1 1.0e1
3.775009e0 3.162799e0 1.0e1 1.0e1
3.979079e0 3.162799e0 1.0e1 1.0e1
4.183149e0 3.162799e0 1.0e1 1.0e1
4.387219e0 3.162799e0 1.0e1 1.0e1
4.5912889e0 3.162799e0 1.0e1 1.0e1
4.7953589e0 3.162799e0 1.0e1 1.0e1
4.9994289e0 3.162799e0 1.0e1 1.0e1

-5.0e0 3.366869e0 1.0e1 1.0e1
-4.79593e0 3.366869e0 1.0e1 1.0e1
-4.59186e0 3.366869e0 1.0e1 1.0e1
-4.38779e0 3.366869e0 1.0e1 1.0e1
-4.1837201e0 3.366869e0 1.0e1 1.0e1
-3.9796501e0 3.366869e0 1.0e1 1.0e1
-3.7755801e0 3.366869e0 1.0e1 1.0e1
-3.5715102e0 3.366869e0 1.0e1 1.0e1
-3.3674402e0 3.366869e0 1.0e1 1.0e1
-3.1633702e0 3.366869e0 1.0e1 1.0e1
-2.9593002e0 3.366869e0 1.0e1 1.0e1
-2.7552303e0 3.366869e0 1.0e1 1.0e1
-2.5511603e0 3.366869e0 1.0e1 1.0e1
-2.3470903e0 3.366869e0 1.0e1 1.0e1
-2.1430203e0 3.366869e0 1.0e1 1.0e1
-1.9389503e0 3.366869e0 1.0e1 1.0e1
-1.7348804e0 3.366869e0 1.0e1 1.0e1
-1.5308104e0 3.366869e0 1.0e1 1.0e1
-1.3267404e0 3.366869e0 1.0e1 1.0e1
-1.1226704e0 3.366869e0 1.0e1 1.0e1
-9.186005e-1 3.366869e0 1.0e1 1.0e1
-7.145305e-1 3.366869e0 1.0e1 1.0e1
-5.104605e-1 3.366869e0 1.0e1 1.0e1
-3.063905e-1 3.366869e0 1.0e1 1.0e1
-1.023206e-1 3.366869e0 1.0e1 1.0e1
1.017494e-1 3.366869e0 1.0e1 1.0e1
3.058194e-1 3.366869e0 1.0e1 1.0e1
5.098894e-1 3.366869e0 1.0e1 1.0e1
7.139594e-1 3.366869e0 1.0e1 1.0e1
9.180293e-1 3.366869e0 1.0e1 1.0e1
1.1220993e0 3.366869e0 1.0e1 1.0e1
1.3261693e0 3.366869e0 1.0e1 1.0e1
1.5302393e0 3.366869e0 1.0e1 1.0e1
1.7343092e0 3.366869e0 1.0e1 1.0e1
1.9383792e0 3.366869e0 1.0e1 1.0e1
2.1424492e0 3.366869e0 1.0e1 1.0e1
2.3465192e0 3.366869e0 1.0e1 1.0e1
2.5505891e0 3.366869e0 1.0e1 1.0e1
2.7546591e0 3.366869e0 1.0e1 1.0e1
2.9587291e0 3.366869e0 1.0e1 1.0e1
3.162799e0 3.366869e0 1.0e1 1.0e1
3.366869e0 3.366869e0 1.0e1 1.0e1
3.570939e0 3.366869e0 1.0e1 1.0e1
3.775009e0 3.366869e0 1.0e1 1.0e1
3.979079e0 3.366869e0 1.0e1 1.0e1
4.183149e0 3.366869e0 1.0e1 1.0e1
4.387219e0 3.366869e0 1.0e1 1.0e1
4.5912889e0 3.366869e0 1.0e1 1.0e1
4.7953589e0 3.366869e0 1.0e1 1.0e1
4.9994289e0 3.366869e0 1.0e1 1.0e1

-5.0e0 3.570939e0 1.0e1 1.0e1
-4.79593e0 3.570939e0 1.0e1 1.0e1
-4.59186e0 3.570939e0 1.0e1 1.0e1
-4.38779e0 3.570939e0 1.0e1 1.0e1
-4.1837201e0 3.570939e0 1.0e1 1.0e1
-3.9796501e0 3.570939e0 1.0e1 1.0e1
-3.7755801e0 3.570939e0 1.0e1 1.0e1
-3.5715102e0 3.570939e0 1.0e1 1.0e1
-3.3674402e0 3.570939e0 1.0e1 1.0e1
-3.1633702e0 3.570939e0 1.0e1 1.0e1
-2.9593002e0 3.570939e0 1.0e1 1.0e1
-2.7552303e0 3.570939e0 1.0e1 1.0e1
-2.5511603e0 3.570939e0 1.0e1 1.0e1
-2.3470903e0 3.570939e0 1.0e1 1.0e1
-2.1430203e0 3.570939e0 1.0e1 1.0e1
-1.9389503e0 3.570939e0 1.0e1 1.0e1
-1.7348804e0 3.570939e0 1.0e1 1.0e1
-1.5308104e0 3.570939e0 1.0e1 1.0e1
-1.3267404e0 3.570939e0 1.0e1 1.0e1
-1.1226704e0 3.570939e0 1.0e1 1.0e1
-9.186005e-1 3.570939e0 1.0e1 1.0e1
-7.145305e-1 3.570939e0 1.0e1 1.0e1
-5.104605e-1 3.570939e0 1.0e1 1.0e1
-3.063905e-1 3.570939e0 1.0e1 1.0e1
-1.023206e-1 3.570939e0 1.0e1 1.0e1
1.017494e-1 3.570939e0 1.0e1 1.0e1
3.058194e-1 3.570939e0 1.0e1 1.0e1
5.098894e-1 3.570939e0 1.0e1 1.0e1
7.139594e-1 3.570939e0 1.0e1 1.0e1
9.180293e-1 3.570939e0 1.0e1 1.0e1
1.1220993e0 3.570939e0 1.0e1 1.0e1
1.3261693e0 3.570939e0 1.0e1 1.0e1
1.5302393e0 3.570939e0 1.0e1 1.0e1
1.7343092e0 3.570939e0 1.0e1 1.0e1
1.9383792e0 3.570939e0 1.0e1 1.0e1
2.1424492e0 3.570939e0 1.0e1 1.0e1
2.3465192e0 3.570939e0 1.0e1 1.0e1
2.5505891e0 3.570939e0 1.0e1 1.0e1
2.7546591e0 3.570939e0 1.0e1 1.0e1
2.9587291e0 3.570939e0 1.0e1 1.0e1
3.162799e0 3.570939e0 1.0e1 1.0e1
3.366869e0 3.570939e0 1.0e1 1.0e1
3.570939e0 3.570939e0 1.0e1 1.0e1
3.775009e0 3.570939e0 1.0e1 1.0e1
3.979079e0 3.570939e0 1.0e1 1.0e1
4.183149e0 3.570939e0 1.0e1 1.0e1
4.387219e0 3.570939e0 1.0e1 1.0e1
4.5912889e0 3.570939e0 1.0e1 1.0e1
4.7953589e0 3.570939e0 1.0e1 1.0e1
4.9994289e0 3.570939e0 1.0e1 1.0e1

-5.0e0 3.775009e0 1.0e1 1.0e1
-4.79593e0 3.775009e0 1.0e1 1.0e1
-4.59186e0 3.775009e0 1.0e1 1.0e1
-4.38779e0 3.775009e0 1.0e1 1.0e1
-4.1837201e0 3.775009e0 1.0e1 1.0e1
-3.9796501e0 3.775009e0 1.0e1 1.0e1
-3.7755801e0 3.775009e0 1.0e1 1.0e1
-3.5715102e0 3.775009e0 1.0e1 1.0e1
-3.3674402e0 3.775009e0 1.0e1 1.0e1
-3.1633702e0 3.775009e0 1.0e1 1.0e1
-2.9593002e0 3.775009e0 1.0e1 1.0e1
-2.7552303e0 3.775009e0 1.0e1 1.0e1
-2.5511603e0 3.775009e0 1.0e1 1.0e1
-2.3470903e0 3.775009e0 1.0e1 1.0e1
-2.1430203e0 3.775009e0 1.0e1 1.0e1
-1.9389503e0 3.775009e0 1.0e1 1.0e1
-1.7348804e0 3.775009e0 1.0e1 1.0e1
-1.5308104e0 3.775009e0 1.0e1 1.0e1
-1.3267404e0 3.775009e0 1.0e1 1.0e1
-1.1226704e0 3.775009e0 1.0e1 1.0e1
-9.186005e-1 3.775009e0 1.0e1 1.0e1
-7.145305e-1 3.775009e0 1.0e1 1.0e1
-5.104605e-1 3.775009e0 1.0e1 1.0e1
-3.063905e-1 3.775009e0 1.0e1 1.0e1
-1.023206e-1 3.775009e0 1.0e1 1.0e1
1.017494e-1 3.775009e0 1.0e1 1.0e1
3.058194e-1 3.775009e0 1.0e1 1.0e1
5.098894e-1 3.775009e0 1.0e1 1.0e1
7.139594e-1 3.775009e0 1.0e1 1.0e1
9.180293e-1 3.775009e0 1.0e1 1.0e1
1.1220993e0 3.775009e0 1.0e1 1.0e1
1.3261693e0 3.775009e0 1.0e1 1.0e1
1.5302393e0 3.775009e0 1.0e1 1.0e1
1.7343092e0 3.775009e0 1.0e1 1.0e1
1.9383792e0 3.775009e0 1.0e1 1.0e1
2.1424492e0 3.775009e0 1.0e1 1.0e1
2.3465192e0 3.775009e0 1.0e1 1.0e1
2.5505891e0 3.775009e0 1.0e1 1.0e1
2.7546591e0 3.775009e0 1.0e1 1.0e1
2.9587291e0 3.775009e0 1.0e1 1.0e1
3.162799e0 3.775009e0 1.0e1 1.0e1
3.366869e0 3.775009e0 1.0e1 1.0e1
3.570939e0 3.775009e0 1.0e1 1.0e1
3.775009e0 3.775009e0 1.0e1 1.0e1
3.979079e0 3.775009e0 1.0e1 1.0e1
4.183149e0 3.775009e0 1.0e1 1.0e1
4.387219e0 3.775009e0 1.0e1 1.0e1
4.5912889e0 3.775009e0 1.0e1 1.0e1
4.7953589e0 3.775009e0 1.0e1 1.0e1
4.9994289e0 3.775009e0 1.0e1 1.0e1

-5.0e0 3.979079e0 1.0e1 1.0e1
-4.79593e0 3.979079e0 1.0e1 1.0e1
-4.59186e0 3.979079e0 1.0e1 1.0e1
-4.38779e0 3.979079e0 1.0e1 1.0e1
-4.1837201e0 3.979079e0 1.0e1 1.0e1
-3.9796501e0 3.979079e0 1.0e1 1.0e1
-3.7755801e0 3.979079e0 1.0e1 1.0e1
-3.5715102e0 3.979079e0 1.0e1 1.0e1
-3.3674402e0 3.979079e0 1.0e1 1.0e1
-3.1633702e0 3.979079e0 1.0e1 1.0e1
-2.9593002e0 3.979079e0 1.0e1 1.0e1
-2.7552303e0 3.979079e0 1.0e1 1.0e1
-2.5511603e0 3.979079e0 1.0e1 1.0e1
-2.3470903e0 3.979079e0 1.0e1 1.0e1
-2.1430203e0 3.979079e0 1.0e1 1.0e1
-1.9389503e0 3.979079e0 1.0e1 1.0e1
-1.7348804e0 3.979079e0 1.0e1 1.0e1
-1.5308104e0 3.979079e0 1.0e1 1.0e1
-1.3267404e0 3.979079e0 1.0e1 1.0e1
-1.1226704e0 3.979079e0 1.0e1 1.0e1
-9.186005e-1 3.979079e0 1.0e1 1.0e1
-7.145305e-1 3.979079e0 1.0e1 1.0e1
-5.104605e-1 3.979079e0 1.0e1 1.0e1
-3.063905e-1 3.979079e0 1.0e1 1.0e1
-1.023206e-1 3.979079e0 1.0e1 1.0e1
1.017494e-1 3.979079e0 1.0e1 1.0e1
3.058194e-1 3.979079e0 1.0e1 1.0e1
5.098894e-1 3.979079e0 1.0e1 1.0e1
7.139594e-1 3.979079e0 1.0e1 1.0e1
9.180293e-1 3.979079e0 1.0e1 1.0e1
1.1220993e0 3.979079e0 1.0e1 1.0e1
1.3261693e0 3.979079e0 1.0e1 1.0e1
1.5302393e0 3.979079e0 1.0e1 1.0e1
1.7343092e0 3.979079e0 1.0e1 1.0e1
1.9383792e0 3.979079e0 1.0e1 1.0e1
2.1424492e0 3.979079e0 1.0e1 1.0e1
2.3465192e0 3.979079e0 1.0e1 1.0e1
2.5505891e0 3.979079e0 1.0e1 1.0e1
2.7546591e0 3.979079e0 1.0e1 1.0e1
2.9587291e0 3.979079e0 1.0e1 1.0e1
3.162799e0 3.979079e0 1.0e1 1.0e1
3.366869e0 3.979079e0 1.0e1 1.0e1
3.570939e0 3.979079e0 1.0e1 1.0e1
3.775009e0 3.979079e0 1.0e1 1.0e1
3.979079e0 3.979079e0 1.0e1 1.0e1
4.183149e0 3.979079e0 1.0e1 1.0e1
4.387219e0 3.979079e0 1.0e1 1.0e1
4.5912889e0 3.979079e0 1.0e1 1.0e1
4.7953589e0 3.979079e0 1.0e1 1.0e1
4.9994289e0 3.979079e0 1.0e1 1.0e1

-5.0e0 4.183149e0 1.0e1 1.0e1
-4.79593e0 4.183149e0 1.0e1 1.0e1
-4.59186e0 4.183149e0 1.0e1 1.0e1
-4.38779e0 4.183149e0 1.0e1 1.0e1
-4.1837201e0 4.183149e0 1.0e1 1.0e1
-3.9796501e0 4.183149e0 1.0e1 1.0e1
-3.7755801e0 4.183149e0 1.0e1 1.0e1
-3.5715102e0 4.183149e0 1.0e1 1.0e1
-3.3674402e0 4.183149e0 1.0e1 1.0e1
-3.1633702e0 4.183149e0 1.0e1 1.0e1
-2.9593002e0 4.183149e0 1.0e1 1.0e1
-2.7552303e0 4.183149e0 1.0e1 1.0e1
-2.5511603e0 4.183149e0 1.0e1 1.0e1
-2.3470903e0 4.183149e0 1.0e1 1.0e1
-2.1430203e0 4.183149e0 1.0e1 1.0e1
-1.9389503e0 4.183149e0 1.0e1 1.0e1
-1.7348804e0 4.183149e0 1.0e1 1.0e1
-1.5308104e0 4.183149e0 1.0e1 1.0e1
-1.3267404e0 4.183149e0 1.0e1 1.0e1
-1.1226704e0 4.183149e0 1.0e1 1.0e1
-9.186005e-1 4.183149e0 1.0e1 1.0e1
-7.145305e-1 4.183149e0 1.0e1 1.0e1
-5.104605e-1 4.183149e0 1.0e1 1.0e1
-3.063905e-1 4.183149e0 1.0e1 1.0e1
-1.023206e-1 4.183149e0 1.0e1 1.0e1
1.017494e-1 4.183149e0 1.0e1 1.0e1
3.058194e-1 4.183149e0 1.0e1 1.0e1
5.098894e-1 4.183149e0 1.0e1 1.0e1
7.139594e-1 4.183149e0 1.0e1 1.0e1
9.180293e-1 4.183149e0 1.0e1 1.0e1
1.1220993e0 4.183149e0 1.0e1 1.0e1
1.3261693e0 4.183149e0 1.0e1 1.0e1
1.5302393e0 4.183149e0 1.0e1 1.0e1
1.7343092e0 4.183149e0 1.0e1 1.0e1
1.9383792e0 4.183149e0 1.0e1 1.0e1
2.1424492e0 4.183149e0 1.0e1 1.0e1
2.3465192e0 4.183149e0 1.0e1 1.0e1
2.5505891e0 4.183149e0 1.0e1 1.0e1
2.7546591e0 4.183149e0 1.0e1 1.0e1
2.9587291e0 4.183149e0 1.0e1 1.0e1
3.162799e0 4.183149e0 1.0e1 1.0e1
3.366869e0 4.183149e0 1.0e1 1.0e1
3.570939e0 4.183149e0 1.0e1 1.0e1
3.775009e0 4.183149e0 1.0e1 1.0e1
3.979079e0 4.183149e0 1.0e1 1.0e1
4.183149e0 4.183149e0 1.0e1 1.0e1
4.387219e0 4.183149e0 1.0e1 1.0e1
4.5912889e0 4.183149e0 1.0e1 1.0e1
4.7953589e0 4.183149e0 1.0e1 1.0e1
4.9994289e0 4.183149e0 1.0e1 1.0e1

-5.0e0 4.387219e0 1.0e1 1.0e1
-4.79593e0 4.387219e0 1.0e1 1.0e1
-4.59186e0 4.387219e0 1.0e1 1.0e1
-4.38779e0 4.387219e0 1.0e1 1.0e1
-4.1837201e0 4.387219e0 1.0e1 1.0e1
-3.9796501e0 4.387219e0 1.0e1 1.0e1
-3.7755801e0 4.387219e0 1.0e1 1.0e1
-3.5715102e0 4.387219e0 1.0e1 1.0e1
-3.3674402e0 4.387219e0 1.0e1 1.0e1
-3.1633702e0 4.387219e0 1.0e1 1.0e1
-2.9593002e0 4.387219e0 1.0e1 1.0e1
-2.7552303e0 4.387219e0 1.0e1 1.0e1
-2.5511603e0 4.387219e0 1.0e1 1.0e1
-2.3470903e0 4.387219e0 1.0e1 1.0e1
-2.1430203e0 4.387219e0 1.0e1 1.0e1
-1.9389503e0 4.387219e0 1.0e1 1.0e1
-1.7348804e0 4.387219e0 1.0e1 1.0e1
-1.5308104e0 4.387219e0 1.0e1 1.0e1
-1.3267404e0 4.387219e0 1.0e1 1.0e1
-1.1226704e0 4.387219e0 1.0e1 1.0e1
-9.186005e-1 4.387219e0 1.0e1 1.0e1
-7.145305e-1 4.387219e0 1.0e1 1.0e1
-5.104605e-1 4.387219e0 1.0e1 1.0e1
-3.063905e-1 4.387219e0 1.0e1 1.0e1
-1.023206e-1 4.387219e0 1.0e1 1.0e1
1.017494e-1 4.387219e0 1.0e1 1.0e1
3.058194e-1 4.387219e0 1.0e1 1.0e1
5.098894e-1 4.387219e0 1.0e1 1.0e1
7.139594e-1 4.387219e0 1.0e1 1.0e1
9.180293e-1 4.387219e0 1.0e1 1.0e1
1.1220993e0 4.387219e0 1.0e1 1.0e1
1.3261693e0 4.387219e0 1.0e1 1.0e1
1.5302393e0 4.387219e0 1.0e1 1.0e1
1.7343092e0 4.387219e0 1.0e1 1.0e1
1.9383792e0 4.387219e0 1.0e1 1.0e1
2.1424492e0 4.387219e0 1.0e1 1.0e1
2.3465192e0 4.387219e0 1.0e1 1.0e1
2.5505891e0 4.387219e0 1.0e1 1.0e1
2.7546591e0 4.387219e0 1.0e1 1.0e1
2.9587291e0 4.387219e0 1.0e1 1.0e1
3.162799e0 4.387219e0 1.0e1 1.0e1
3.366869e0 4.387219e0 1.0e1 1.0e1
3.570939e0 4.387219e0 1.0e1 1.0e1
3.775009e0 4.387219e0 1.0e1 1.0e1
3.979079e0 4.387219e0 1.0e1 1.0e1
4.183149e0 4.387219e0 1.0e1 1.0e1
4.387219e0 4.387219e0 1.0e1 1.0e1
4.5912889e0 4.387219e0 1.0e1 1.0e1
4.7953589e0 4.387219e0 1.0e1 1.0e1
4.9994289e0 4.387219e0 1.0e1 1.0e1

-5.0e0 4.5912889e0 1.0e1 1.0e1
-4.79593e0 4.5912889e0 1.0e1 1.0e1
-4.59186e0 4.5912889e0 1.0e1 1.0e1
-4.38779e0 4.5912889e0 1.0e1 1.0e1
-4.1837201e0 4.5912889e0 1.0e1 1.0e1
-3.9796501e0 4.5912889e0 1.0e1 1.0e1
-3.7755801e0 4.5912889e0 1.0e1 1.0e1
-3.5715102e0 4.5912889e0 1.0e1 1.0e1
-3.3674402e0 4.5912889e0 1.0e1 1.0e1
-3.1633702e0 4.5912889e0 1.0e1 1.0e1
-2.9593002e0 4.5912889e0 1.0e1 1.0e1
-2.7552303e0 4.5912889e0 1.0e1 1.0e1
-2.5511603e0 4.5912889e0 1.0e1 1.0e1
-2.3470903e0 4.5912889e0 1.0e1 1.0e1
-2.1430203e0 4.5912889e0 1.0e1 1.0e1
-1.9389503e0 4.5912889e0 1.0e1 1.0e1
-1.7348804e0 4.5912889e0 1.0e1 1.0e1
-1.5308104e0 4.5912889e0 1.0e1 1.0e1
-1.3267404e0 4.5912889e0 1.0e1 1.0e1
-1.1226704e0 4.5912889e0 1.0e1 1.0e1
-9.186005e-1 4.5912889e0 1.0e1 1.0e1
-7.145305e-1 4.5912889e0 1.0e1 1.0e1
-5.104605e-1 4.5912889e0 1.0e1 1.0e1
-3.063905e-1 4.5912889e0 1.0e1 1.0e1
-1.023206e-1 4.5912889e0 1.0e1 1.0e1
1.017494e-1 4.5912889e0 1.0e1 1.0e1
3.058194e-1 4.5912889e0 1.0e1 1.0e1
5.098894e-1 4.5912889e0 1.0e1 1.0e1
7.139594e-1 4.5912889e0 1.0e1 1.0e1
9.180293e-1 4.5912889e0 1.0e1 1.0e1
1.1220993e0 4.5912889e0 1.0e1 1.0e1
1.3261693e0 4.5912889e0 1.0e1 1.0e1
1.5302393e0 4.5912889e0 1.0e1 1.0e1
1.7343092e0 4.5912889e0 1.0e1 1.0e1
1.9383792e0 4.5912889e0 1.0e1 1.0e1
2.1424492e0 4.5912889e0 1.0e1 1.0e1
2.3465192e0 4.5912889e0 1.0e1 1.0e1
2.5505891e0 4.5912889e0 1.0e1 1.0e1
2.7546591e0 4.5912889e0 1.0e1 1.0e1
2.9587291e0 4.5912889e0 1.0e1 1.0e1
3.162799e0 4.5912889e0 1.0e1 1.0e1
3.366869e0 4.5912889e0 1.0e1 1.0e1
3.570939e0 4.5912889e0 1.0e1 1.0e1
3.775009e0 4.5912889e0 1.0e1 1.0e1
3.979079e0 4.5912889e0 1.0e1 1.0e1
4.183149e0 4.5912889e0 1.0e1 1.0e1
4.387219e0 4.5912889e0 1.0e1 1.0e1
4.5912889e0 4.5912889e0 1.0e1 1.0e1
4.7953589e0 4.5912889e0 1.0e1 1.0e1
4.9994289e0 4.5912889e0 1.0e1 1.0e1

-5.0e0 4.7953589e0 1.0e1 1.0e1
-4.79593e0 4.7953589e0 1.0e1 1.0e1
-4.59186e0 4.7953589e0 1.0e1 1.0e1
-4.38779e0 4.7953589e0 1.0e1 1.0e1
-4.1837201e0 4.7953589e0 1.0e1 1.0e1
-3.9796501e0 4.7953589e0 1.0e1 1.0e1
-3.7755801e0 4.7953589e0 1.0e1 1.0e1
-3.5715102e0 4.7953589e0 1.0e1 1.0e1
-3.3674402e0 4.7953589e0 1.0e1 1.0e1
-3.1633702e0 4.7953589e0 1.0e1 1.0e1
-2.9593002e0 4.7953589e0 1.0e1 1.0e1
-2.7552303e0 4.7953589e0 1.0e1 1.0e1
-2.5511603e0 4.7953589e0 1.0e1 1.0e1
-2.3470903e0 4.7953589e0 1.0e1 1.0e1
-2.1430203e0 4.7953589e0 1.0e1 1.0e1
-1.9389503e0 4.7953589e0 1.0e1 1.0e1
-1.7348804e0 4.7953589e0 1.0e1 1.0e1
-1.5308104e0 4.7953589e0 1.0e1 1.0e1
-1.3267404e0 4.7953589e0 1.0e1 1.0e1
-1.1226704e0 4.7953589e0 1.0e1 1.0e1
-9.186005e-1 4.7953589e0 1.0e1 1.0e1
-7.145305e-1 4.7953589e0 1.0e1 1.0e1
-5.104605e-1 4.7953589e0 1.0e1 1.0e1
-3.063905e-1 4.7953589e0 1.0e1 1.0e1
-1.023206e-1 4.7953589e0 1.0e1 1.0e1
1.017494e-1 4.7953589e0 1.0e1 1.0e1
3.058194e-1 4.7953589e0 1.0e1 1.0e1
5.098894e-1 4.7953589e0 1.0e1 1.0e1
7.139594e-1 4.7953589e0 1.0e1 1.0e1
9.180293e-1 4.7953589e0 1.0e1 1.0e1
1.1220993e0 4.7953589e0 1.0e1 1.0e1
1.3261693e0 4.7953589e0 1.0e1 1.0e1
1.5302393e0 4.7953589e0 1.0e1 1.0e1
1.7343092e0 4.7953589e0 1.0e1 1.0e1
1.9383792e0 4.7953589e0 1.0e1 1.0e1
2.1424492e0 4.7953589e0 1.0e1 1.0e1
2.3465192e0 4.7953589e0 1.0e1 1.0e1
2.5505891e0 4.7953589e0 1.0e1 1.0e1
2.7546591e0 4.7953589e0 1.0e1 1.0e1
2.9587291e0 4.7953589e0 1.0e1 1.0e1
3.162799e0 4.7953589e0 1.0e1 1.0e1
3.366869e0 4.7953589e0 1.0e1 1.0e1
3.570939e0 4.7953589e0 1.0e1 1.0e1
3.775009e0 4.7953589e0 1.0e1 1.0e1
3.979079e0 4.7953589e0 1.0e1 1.0e1
4.183149e0 4.7953589e0 1.0e1 1.0e1
4.387219e0 4.7953589e0 1.0e1 1.0e1
4.5912889e0 4.7953589e0 1.0e1 1.0e1
4.7953589e0 4.7953589e0 1.0e1 1.0e1
4.9994289e0 4.7953589e0 1.0e1 1.0e1

-5.0e0 4.9994289e0 1.0e1 1.0e1
-4.79593e0 4.9994289e0 1.0e1 1.0e1
-4.59186e0 4.9994289e0 1.0e1 1.0e1
-4.38779e0 4.9994289e0 1.0e1 1.0e1
-4.1837201e0 4.9994289e0 1.0e1 1.0e1
-3.9796501e0 4.9994289e0 1.0e1 1.0e1
-3.7755801e0 4.9994289e0 1.0e1 1.0e1
-3.5715102e0 4.9994289e0 1.0e1 1.0e1
-3.3674402e0 4.9994289e0 1.0e1 1.0e1
-3.1633702e0 4.9994289e0 1.0e1 1.0e1
-2.9593002e0 4.9994289e0 1.0e1 1.0e1
-2.7552303e0 4.9994289e0 1.0e1 1.0e1
-2.5511603e0 4.9994289e0 1.0e1 1.0e1
-2.3470903e0 4.9994289e0 1.0e1 1.0e1
-2.1430203e0 4.9994289e0 1.0e1 1.0e1
-1.9389503e0 4.9994289e0 1.0e1 1.0e1
-1.7348804e0 4.9994289e0 1.0e1 1.0e1
-1.5308104e0 4.9994289e0 1.0e1 1.0e1
-1.3267404e0 4.9994289e0 1.0e1 1.0e1
-1.1226704e0 4.9994289e0 1.0e1 1.0e1
-9.186005e-1 4.9994289e0 1.0e1 1.0e1
-7.145305e-1 4.9994289e0 1.0e1 1.0e1
-5.104605e-1 4.9994289e0 1.0e1 1.0e1
-3.063905e-1 4.9994289e0 1.0e1 1.0e1
-1.023206e-1 4.9994289e0 1.0e1 1.0e1
1.017494e-1 4.9994289e0 1.0e1 1.0e1
3.058194e-1 4.9994289e0 1.0e1 1.0e1
5.098894e-1 4.9994289e0 1.0e1 1.0e1
7.139594e-1 4.9994289e0 1.0e1 1.0e1
9.180293e-1 4.9994289e0 1.0e1 1.0e1
1.1220993e0 4.9994289e0 1.0e1 1.0e1
1.3261693e0 4.9994289e0 1.0e1 1.0e1
1.5302393e0 4.9994289e0 1.0e1 1.0e1
1.7343092e0 4.9994289e0 1.0e1 1.0e1
1.9383792e0 4.9994289e0 1.0e1 1.0e1
2.1424492e0 4.9994289e0 1.0e1 1.0e1
2.3465192e0 4.9994289e0 1.0e1 1.0e1
2.5505891e0 4.9994289e0 1.0e1 1.0e1
2.7546591e0 4.9994289e0 1.0e1 1.0e1
2.9587291e0 4.9994289e0 1.0e1 1.0e1
3.162799e0 4.9994289e0 1.0e1 1.0e1
3.366869e0 4.9994289e0 1.0e1 1.0e1
3.570939e0 4.9994289e0 1.0e1 1.0e1
3.775009e0 4.9994289e0 1.0e1 1.0e1
3.979079e0 4.9994289e0 1.0e1 1.0e1
4.183149e0 4.9994289e0 1.0e1 1.0e1
4.387219e0 4.9994289e0 1.0e1 1.0e1
4.5912889e0 4.9994289e0 1.0e1 1.0e1
4.7953589e0 4.9994289e0 1.0e1 1.0e1
4.9994289e0 4.9994289e0 1.0e1 1.0e1
